<?xml version="1.0"?>
<opencv_storage>
<images>
../arena/images_09192016/1.jpg
../arena/images_09192016/2.jpg
../arena/images_09192016/3.jpg
../arena/images_09192016/4.jpg
../arena/images_09192016/5.jpg
../arena/images_09192016/6.jpg
../arena/images_09192016/7.jpg
../arena/images_09192016/8.jpg
../arena/images_09192016/9.jpg
../arena/images_09192016/10.jpg
../arena/images_09192016/11.jpg
../arena/images_09192016/12.jpg
../arena/images_09192016/13.jpg
</images>
</opencv_storage>