<?xml version="1.0"?>
<opencv_storage>
<calibration_time>"09/19/16 13:20:03"</calibration_time>
<nrOfFrames>7</nrOfFrames>
<image_width>512</image_width>
<image_height>512</image_height>
<board_width>9</board_width>
<board_height>7</board_height>
<square_size>2.5000000000000000e+000</square_size>
<FixAspectRatio>1.</FixAspectRatio>
<flagValue>14</flagValue>
<camera_matrix type_id="opencv-matrix">
  <rows>3</rows>
  <cols>3</cols>
  <dt>d</dt>
  <data>
    1.7513621276645583e+003 0. 2.5550000000000000e+002 0.
    1.7513621276645583e+003 2.5550000000000000e+002 0. 0. 1.</data></camera_matrix>
<distortion_coefficients type_id="opencv-matrix">
  <rows>5</rows>
  <cols>1</cols>
  <dt>d</dt>
  <data>
    -3.9618876233167299e-001 6.2540932460842544e+000 0. 0.
    1.5322931801703083e+002</data></distortion_coefficients>
<avg_reprojection_error>2.1712351906846625e-001</avg_reprojection_error>
<per_view_reprojection_errors type_id="opencv-matrix">
  <rows>7</rows>
  <cols>1</cols>
  <dt>f</dt>
  <data>
    1.86448574e-001 2.06353053e-001 2.05726832e-001 2.08857298e-001
    2.21055329e-001 2.35149890e-001 2.50095725e-001</data></per_view_reprojection_errors>
<extrinsic_parameters type_id="opencv-matrix">
  <rows>7</rows>
  <cols>6</cols>
  <dt>d</dt>
  <data>
    -8.8251802798918577e-001 -9.9084502590723350e-002
    -1.1932419177784744e-001 -1.2383296496869205e+001
    -5.6295317337162230e+000 1.6597432832411238e+002
    -8.8750865185493899e-001 -2.6465596852379356e-002
    3.4634065700548410e-002 -8.1792292168516489e+000
    -3.0915132745215654e+000 1.6317694549285559e+002
    -7.4994004241461532e-001 6.0796962726087989e-001
    1.3537135568769418e+000 5.1293406339977627e+000
    -6.7838838984834302e+000 1.6854612809174330e+002
    -8.8856678513468623e-001 4.1592244665061971e-002
    1.8198450138295311e-001 -5.4554995520723386e+000
    -7.1410119661677749e+000 1.6830245259189888e+002
    -8.6450262255882748e-001 -1.3818896064702904e-001
    -2.9595131271498365e-001 -9.7385546750972285e+000
    -4.6680790386037510e+000 1.6344870725508906e+002
    -6.7703784395466715e-001 -6.7335318255439058e-001
    -1.2707215687882405e+000 -4.7172060707758359e+000
    4.3579081231430061e+000 1.5172981429089600e+002
    -6.7339085968197943e-001 -6.9136935866115889e-001
    -1.3393266556891803e+000 -9.2059906906650184e+000
    4.6340255498253562e+000 1.5215019813502229e+002</data></extrinsic_parameters>
<image_points type_id="opencv-matrix">
  <rows>7</rows>
  <cols>63</cols>
  <dt>"2f"</dt>
  <data>
    1.25145416e+002 1.96093170e+002 1.51281662e+002 1.94608093e+002
    1.77276794e+002 1.93347229e+002 2.03339584e+002 1.91400833e+002
    2.29452072e+002 1.89959045e+002 2.55332489e+002 1.88518265e+002
    2.81121704e+002 1.86963486e+002 3.06367126e+002 1.85164032e+002
    3.32378815e+002 1.84163162e+002 1.27475616e+002 2.12285126e+002
    1.53808838e+002 2.10682709e+002 1.80154312e+002 2.09087234e+002
    2.06574173e+002 2.07452057e+002 2.32832764e+002 2.05895538e+002
    2.58890137e+002 2.04491333e+002 2.85190125e+002 2.02666336e+002
    3.10977264e+002 2.01301254e+002 3.36593231e+002 1.99672806e+002
    1.29954453e+002 2.28638824e+002 1.56796799e+002 2.27378891e+002
    1.83307816e+002 2.25338455e+002 2.09997208e+002 2.23897293e+002
    2.36635345e+002 2.22331055e+002 2.63136993e+002 2.20573700e+002
    2.89357574e+002 2.18850281e+002 3.15576630e+002 2.17166397e+002
    3.41511780e+002 2.15751663e+002 1.32363815e+002 2.45596848e+002
    1.59404724e+002 2.43944061e+002 1.86365753e+002 2.42337082e+002
    2.13675171e+002 2.40445908e+002 2.40100815e+002 2.38794983e+002
    2.67059326e+002 2.37210526e+002 2.93630859e+002 2.35354126e+002
    3.20080444e+002 2.33773972e+002 3.46500305e+002 2.32362000e+002
    1.34832764e+002 2.62742554e+002 1.62295593e+002 2.61051636e+002
    1.89840042e+002 2.59248566e+002 2.16823807e+002 2.57786774e+002
    2.44175049e+002 2.56024963e+002 2.71242859e+002 2.54131149e+002
    2.98225159e+002 2.52180191e+002 3.24862610e+002 2.50718964e+002
    3.51526184e+002 2.48978455e+002 1.37327911e+002 2.80603607e+002
    1.64910614e+002 2.78716309e+002 1.92318436e+002 2.76950867e+002
    2.20631348e+002 2.75065155e+002 2.47660004e+002 2.73140228e+002
    2.75282959e+002 2.71553467e+002 3.02709198e+002 2.69756744e+002
    3.29724945e+002 2.67881500e+002 3.56620178e+002 2.66394226e+002
    1.39874115e+002 2.98545807e+002 1.68082443e+002 2.96463928e+002
    1.95914841e+002 2.94886719e+002 2.23971756e+002 2.93142731e+002
    2.51925919e+002 2.91153748e+002 2.79514313e+002 2.89204651e+002
    3.07286469e+002 2.87631409e+002 3.34578247e+002 2.85672089e+002
    3.61816864e+002 2.83959381e+002 1.67900223e+002 2.22105682e+002
    1.94541534e+002 2.23433792e+002 2.21069687e+002 2.24704468e+002
    2.48302124e+002 2.25574234e+002 2.74948029e+002 2.26724808e+002
    3.01567963e+002 2.27806198e+002 3.28565247e+002 2.29005096e+002
    3.55033112e+002 2.29773895e+002 3.81961212e+002 2.31368973e+002
    1.66157990e+002 2.39151733e+002 1.93533310e+002 2.40245697e+002
    2.20096878e+002 2.41279297e+002 2.47516357e+002 2.42475311e+002
    2.74515778e+002 2.43615997e+002 3.01612488e+002 2.44680984e+002
    3.28827728e+002 2.45637909e+002 3.55835327e+002 2.46979889e+002
    3.82545746e+002 2.47919022e+002 1.64776260e+002 2.56225739e+002
    1.92195541e+002 2.57569489e+002 2.19483566e+002 2.58285736e+002
    2.46860657e+002 2.59728485e+002 2.74425171e+002 2.61009033e+002
    3.01849945e+002 2.61880066e+002 3.29110260e+002 2.62795776e+002
    3.56600586e+002 2.63971375e+002 3.83712891e+002 2.65287384e+002
    1.62833923e+002 2.73751068e+002 1.90621292e+002 2.74924774e+002
    2.18523758e+002 2.76229706e+002 2.46628311e+002 2.77250397e+002
    2.73982361e+002 2.78358063e+002 3.01670959e+002 2.79657074e+002
    3.29643585e+002 2.80481720e+002 3.57155701e+002 2.81686249e+002
    3.84876709e+002 2.82941895e+002 1.61376297e+002 2.91635468e+002
    1.89448807e+002 2.92851959e+002 2.17809311e+002 2.93952026e+002
    2.45558273e+002 2.95439423e+002 2.73861115e+002 2.96611053e+002
    3.01969421e+002 2.97357422e+002 3.30144531e+002 2.98500092e+002
    3.57856201e+002 2.99783173e+002 3.85943787e+002 3.00840057e+002
    1.59435989e+002 3.10231323e+002 1.87767746e+002 3.11372406e+002
    2.16105408e+002 3.12479858e+002 2.45095459e+002 3.13577667e+002
    2.73351196e+002 3.14521667e+002 3.01718079e+002 3.16096527e+002
    3.30448486e+002 3.17314484e+002 3.58821899e+002 3.18154602e+002
    3.87000824e+002 3.19484497e+002 1.57789764e+002 3.28890686e+002
    1.86659653e+002 3.29912994e+002 2.15254456e+002 3.31380463e+002
    2.44047607e+002 3.32604584e+002 2.73291016e+002 3.33783813e+002
    3.01845673e+002 3.34781311e+002 3.30652069e+002 3.36067627e+002
    3.59444519e+002 3.37370117e+002 3.87810791e+002 3.38594208e+002
    3.09001953e+002 1.85122971e+002 3.12739716e+002 2.00780945e+002
    3.16837372e+002 2.16890015e+002 3.21059448e+002 2.33578537e+002
    3.25401459e+002 2.50393051e+002 3.29655060e+002 2.67516571e+002
    3.34513397e+002 2.85443726e+002 3.39010345e+002 3.03391876e+002
    3.43454010e+002 3.22058411e+002 2.83381989e+002 1.86410400e+002
    2.86405792e+002 2.01991074e+002 2.90897980e+002 2.18126526e+002
    2.94609283e+002 2.34973282e+002 2.98567047e+002 2.51831970e+002
    3.02691711e+002 2.69061188e+002 3.07339264e+002 2.87009247e+002
    3.11339478e+002 3.05241516e+002 3.15735962e+002 3.23684906e+002
    2.57469055e+002 1.87631775e+002 2.60809113e+002 2.03495758e+002
    2.64273071e+002 2.19541382e+002 2.67828064e+002 2.36275024e+002
    2.71632568e+002 2.53134232e+002 2.75793427e+002 2.70654663e+002
    2.79430237e+002 2.88359253e+002 2.83410309e+002 3.06505615e+002
    2.87425507e+002 3.25406891e+002 2.31514343e+002 1.89006363e+002
    2.34486740e+002 2.04606537e+002 2.37732727e+002 2.20984924e+002
    2.41314316e+002 2.37775238e+002 2.44297546e+002 2.55028992e+002
    2.48014313e+002 2.71795166e+002 2.51648010e+002 2.90043701e+002
