<?xml version="1.0"?>
<opencv_storage>
<calibration_time>"02/27/15 20:37:33"</calibration_time>
<nrOfFrames>8</nrOfFrames>
<image_width>512</image_width>
<image_height>512</image_height>
<board_width>9</board_width>
<board_height>7</board_height>
<square_size>2.5000000000000000e+000</square_size>
<FixAspectRatio>1.</FixAspectRatio>
<flagValue>14</flagValue>
<camera_matrix type_id="opencv-matrix">
  <rows>3</rows>
  <cols>3</cols>
  <dt>d</dt>
  <data>
    1.7306482333467202e+003 0. 2.5550000000000000e+002 0.
    1.7306482333467202e+003 2.5550000000000000e+002 0. 0. 1.</data></camera_matrix>
<distortion_coefficients type_id="opencv-matrix">
  <rows>5</rows>
  <cols>1</cols>
  <dt>d</dt>
  <data>
    4.4483838444438456e-001 -6.1081736500472651e+001 0. 0.
    2.0795716869001003e+003</data></distortion_coefficients>
<avg_reprojection_error>2.2906506641339505e-001</avg_reprojection_error>
<per_view_reprojection_errors type_id="opencv-matrix">
  <rows>8</rows>
  <cols>1</cols>
  <dt>f</dt>
  <data>
    2.32287675e-001 2.12852761e-001 2.15304449e-001 2.19054207e-001
    2.20048308e-001 2.32994974e-001 2.26234019e-001 2.68834651e-001</data></per_view_reprojection_errors>
<extrinsic_parameters type_id="opencv-matrix">
  <rows>8</rows>
  <cols>6</cols>
  <dt>d</dt>
  <data>
    -6.9350910152953937e-001 9.6225181102206417e-002
    5.7184342503415454e-002 -8.6894203328534978e+000
    -9.0519292616844247e+000 1.4564582238631013e+002
    -7.6222451768351140e-001 -4.3745599120786384e-002
    -8.8201624674985074e-002 -1.0934181479583026e+001
    -8.1464522259457617e+000 1.4412027381909147e+002
    -6.7612287946926919e-001 -2.0308857575724085e-001
    -2.9394174368078096e-001 -1.1147709404944319e+001
    -7.2902729357733689e+000 1.4189644266422340e+002
    -7.6329411467456543e-001 -3.4230593645939368e-002
    -1.0562609189349777e-001 -1.0666354380017742e+001
    -8.1352755553066736e+000 1.4468316679447136e+002
    -6.6716138104608158e-001 9.8631949083313603e-003
    3.9749114689655904e-002 -7.5202490151908750e+000
    -1.0036680696086684e+001 1.4868026968227514e+002
    -6.1508417314793362e-001 -1.6613414469235230e-001
    -2.9997653851555200e-001 -1.4702909857218156e+001
    -9.7916318000704781e+000 1.4367428833498343e+002
    -5.5536934396885496e-001 -8.4630299929455005e-002
    -1.9897531831808699e-001 -9.5762910595690975e+000
    -1.1903636250222982e+001 1.4496994532386239e+002
    -5.5363752420162193e-001 6.8452917331913651e-002
    1.8030247596573737e-001 -9.7807293713136758e+000
    -1.2849156035059224e+001 1.4576025077116802e+002</data></extrinsic_parameters>
<image_points type_id="opencv-matrix">
  <rows>8</rows>
  <cols>63</cols>
  <dt>"2f"</dt>
  <data>
    1.52288620e+002 1.47780121e+002 1.81320648e+002 1.48190903e+002
    2.10828247e+002 1.48936584e+002 2.41048355e+002 1.49035217e+002
    2.70468140e+002 1.49448792e+002 3.00256866e+002 1.49857071e+002
    3.30446045e+002 1.50277008e+002 3.60350708e+002 1.50345520e+002
    3.90631592e+002 1.51414459e+002 1.48464157e+002 1.69705246e+002
    1.78248489e+002 1.70182297e+002 2.08029144e+002 1.70594147e+002
    2.37906570e+002 1.71231979e+002 2.67778931e+002 1.71617065e+002
    2.98102203e+002 1.72055786e+002 3.28547485e+002 1.72474091e+002
    3.58937531e+002 1.73008591e+002 3.89260406e+002 1.73456757e+002
    1.44822357e+002 1.92160400e+002 1.74893646e+002 1.92918640e+002
    2.04664337e+002 1.93187469e+002 2.35467926e+002 1.93727249e+002
    2.65439362e+002 1.94318710e+002 2.96203979e+002 1.94714920e+002
    3.26800415e+002 1.95141846e+002 3.57521240e+002 1.95466660e+002
    3.88331848e+002 1.96331741e+002 1.40880997e+002 2.15016113e+002
    1.71171829e+002 2.15616409e+002 2.01955276e+002 2.16246857e+002
    2.32878906e+002 2.16547760e+002 2.62912598e+002 2.17299347e+002
    2.93943542e+002 2.17844421e+002 3.25053131e+002 2.18226944e+002
    3.56286987e+002 2.18786484e+002 3.87225220e+002 2.19481445e+002
    1.37175537e+002 2.38345901e+002 1.68025620e+002 2.38798157e+002
    1.98541061e+002 2.39587234e+002 2.29638092e+002 2.40643936e+002
    2.60598816e+002 2.41094940e+002 2.92003998e+002 2.41514755e+002
    3.23132172e+002 2.42084473e+002 3.54580536e+002 2.42682709e+002
    3.86260468e+002 2.43222443e+002 1.32858276e+002 2.62329620e+002
    1.63632706e+002 2.63124878e+002 1.95043610e+002 2.63710907e+002
    2.26631546e+002 2.64270142e+002 2.57625702e+002 2.64824860e+002
    2.89520905e+002 2.65868805e+002 3.21286255e+002 2.66440735e+002
    3.53137085e+002 2.67176758e+002 3.85153198e+002 2.67807190e+002
    1.28799545e+002 2.86462311e+002 1.60191086e+002 2.87335541e+002
    1.91343445e+002 2.88325378e+002 2.23540848e+002 2.89107666e+002
    2.55247726e+002 2.89528931e+002 2.87067657e+002 2.90144897e+002
    3.19103790e+002 2.91315491e+002 3.51691284e+002 2.91969208e+002
    3.83584747e+002 2.92853455e+002 1.24255157e+002 1.57558060e+002
    1.53873764e+002 1.55694336e+002 1.83868866e+002 1.54382889e+002
    2.14302887e+002 1.52322266e+002 2.43678680e+002 1.50359741e+002
    2.73377533e+002 1.48554810e+002 3.03236694e+002 1.46872955e+002
    3.32661621e+002 1.44715790e+002 3.62404633e+002 1.43452499e+002
    1.25421791e+002 1.78459396e+002 1.55872269e+002 1.76403564e+002
    1.85953110e+002 1.74462997e+002 2.16375427e+002 1.72850372e+002
    2.46300980e+002 1.71057602e+002 2.76528137e+002 1.69172302e+002
    3.06628723e+002 1.67298447e+002 3.36779022e+002 1.65489487e+002
    3.66176819e+002 1.63583572e+002 1.26776802e+002 1.99440155e+002
    1.57704544e+002 1.97787964e+002 1.88031494e+002 1.95698868e+002
    2.18845245e+002 1.93872345e+002 2.49249527e+002 1.92124161e+002
    2.79777008e+002 1.90191345e+002 3.10253601e+002 1.88104889e+002
    3.40411438e+002 1.86159439e+002 3.70618164e+002 1.84540283e+002
    1.28191177e+002 2.21377594e+002 1.59324539e+002 2.19429626e+002
    1.90416260e+002 2.17529694e+002 2.21667297e+002 2.15229019e+002
    2.52090607e+002 2.13622330e+002 2.83142395e+002 2.11541351e+002
    3.13839203e+002 2.09538651e+002 3.44695953e+002 2.07681747e+002
    3.75027954e+002 2.05766785e+002 1.29682053e+002 2.43544754e+002
    1.61410446e+002 2.41412247e+002 1.92618073e+002 2.39484665e+002
    2.24257660e+002 2.37875290e+002 2.55222412e+002 2.35658142e+002
    2.86501038e+002 2.33625290e+002 3.17474854e+002 2.31485321e+002
    3.48558533e+002 2.29644913e+002 3.79510132e+002 2.27626617e+002
    1.31025909e+002 2.66278259e+002 1.62756271e+002 2.64435913e+002
    1.94577637e+002 2.62353760e+002 2.26677109e+002 2.59991852e+002
    2.58031372e+002 2.57951233e+002 2.89725708e+002 2.56387543e+002
    3.21517303e+002 2.54241486e+002 3.52870392e+002 2.52021637e+002
    3.84215240e+002 2.50303375e+002 1.32478806e+002 2.89581329e+002
    1.64796310e+002 2.87467651e+002 1.96789703e+002 2.85516663e+002
    2.29442398e+002 2.83525299e+002 2.61234100e+002 2.81309662e+002
    2.93265320e+002 2.79217316e+002 3.25145264e+002 2.77438660e+002
    3.57321259e+002 2.75379272e+002 3.88632019e+002 2.73297638e+002
    1.19639839e+002 1.66454788e+002 1.48385910e+002 1.60755402e+002
    1.77287704e+002 1.55550400e+002 2.06404327e+002 1.49694199e+002
    2.34353806e+002 1.44204529e+002 2.62396088e+002 1.38697540e+002
    2.90441254e+002 1.33364288e+002 3.17756805e+002 1.27635307e+002
    3.45328247e+002 1.22824043e+002 1.28249130e+002 1.88556198e+002
    1.57638351e+002 1.82504486e+002 1.86684601e+002 1.76888443e+002
    2.15634430e+002 1.71135773e+002 2.44060898e+002 1.65533936e+002
    2.72509247e+002 1.59923355e+002 3.00498718e+002 1.54224335e+002
    3.28549774e+002 1.48737045e+002 3.55724823e+002 1.43408661e+002
    1.37363495e+002 2.10710495e+002 1.67298279e+002 2.05025955e+002
    1.96067459e+002 1.98680588e+002 2.25526749e+002 1.93013779e+002
    2.54257813e+002 1.87348511e+002 2.82911560e+002 1.81515411e+002
    3.11127289e+002 1.75427612e+002 3.39022675e+002 1.69911255e+002
    3.66893982e+002 1.64465912e+002 1.46468964e+002 2.33781677e+002
    1.76389633e+002 2.27655411e+002 2.06204590e+002 2.21511887e+002
