<?xml version="1.0"?>
<opencv_storage>
<Camera_Matrix type_id="opencv-matrix">
  <rows>3</rows>
  <cols>3</cols>
  <dt>d</dt>
  <data>
    1.8735183145491442e+003 0. 2.5550000000000000e+002 0.
    1.8735183145491442e+003 2.5550000000000000e+002 0. 0. 1.</data></Camera_Matrix>
<Distortion_Coefficients type_id="opencv-matrix">
  <rows>5</rows>
  <cols>1</cols>
  <dt>d</dt>
  <data>
    5.9466283665082753e-001 -5.3080510584733588e+001 0. 0.
    -1.1964003802406280e+002</data></Distortion_Coefficients>
<rvec type_id="opencv-matrix">
  <rows>3</rows>
  <cols>1</cols>
  <dt>d</dt>
  <data>
    -3.5792774258038296e-001 -9.7434326260993371e-003
    -2.1423862697553166e-003</data></rvec>
<tvec type_id="opencv-matrix">
  <rows>3</rows>
  <cols>1</cols>
  <dt>d</dt>
  <data>
    1.5258641694227884e-001 -7.6514787420389829e-001
    1.9452181034805480e+002</data></tvec>
<Rotation_Matrix type_id="opencv-matrix">
  <rows>3</rows>
  <cols>3</cols>
  <dt>d</dt>
  <data>
    9.9995076725836052e-001 3.8220703675759236e-003
    -9.1572287031347968e-003 -3.7172760674232747e-004
    9.3662307280570389e-001 3.5033852386882541e-001
    9.9158901770140320e-003 -3.5031787174808321e-001
    9.3657838105301738e-001</data></Rotation_Matrix>
</opencv_storage>
