<?xml version="1.0"?>
<opencv_storage>
<Camera_Matrix type_id="opencv-matrix">
  <rows>3</rows>
  <cols>3</cols>
  <dt>d</dt>
  <data>
    1.6843873431045502e+003 0. 2.5550000000000000e+002 0.
    1.6843873431045502e+003 2.5550000000000000e+002 0. 0. 1.</data></Camera_Matrix>
<Distortion_Coefficients type_id="opencv-matrix">
  <rows>5</rows>
  <cols>1</cols>
  <dt>d</dt>
  <data>
    -7.2308356776833556e+000 8.3201861453041215e+002 0. 0.
    -3.1756938839903272e+004</data></Distortion_Coefficients>
<rvec type_id="opencv-matrix">
  <rows>3</rows>
  <cols>1</cols>
  <dt>d</dt>
  <data>
    -3.4108594609599230e-001 -2.0453680447818832e-003
    5.5387516484878864e-003</data></rvec>
<tvec type_id="opencv-matrix">
  <rows>3</rows>
  <cols>1</cols>
  <dt>d</dt>
  <data>
    2.4906694257646298e+000 -3.0447499972977077e+001
    1.6744302123494076e+003</data></tvec>
<Rotation_Matrix type_id="opencv-matrix">
  <rows>3</rows>
  <cols>3</cols>
  <dt>d</dt>
  <data>
    9.9998273773574020e-001 -5.0864933871976560e-003
    -2.9413968715169391e-003 5.7774001868771295e-003
    9.4237693768507280e-001 3.3450310755863694e-001
    1.0704567317025137e-003 -3.3451432690443378e-001
    9.4239005683318799e-001</data></Rotation_Matrix>
</opencv_storage>
