<?xml version="1.0"?>
<opencv_storage>
<Camera_Matrix type_id="opencv-matrix">
  <rows>3</rows>
  <cols>3</cols>
  <dt>d</dt>
  <data>
    1.7693822012326004e+003 0. 2.5550000000000000e+002 0.
    1.7693822012326004e+003 2.5550000000000000e+002 0. 0. 1.</data></Camera_Matrix>
<Distortion_Coefficients type_id="opencv-matrix">
  <rows>5</rows>
  <cols>1</cols>
  <dt>d</dt>
  <data>
    -2.2982657332805403e-001 4.6989287946776326e+000 0. 0.
    1.1166840907346973e+003</data></Distortion_Coefficients>
<rvec type_id="opencv-matrix">
  <rows>3</rows>
  <cols>1</cols>
  <dt>d</dt>
  <data>
    -6.2164808126522753e-001 2.6662941204178350e-003
    2.4632424710016522e-003</data></rvec>
<tvec type_id="opencv-matrix">
  <rows>3</rows>
  <cols>1</cols>
  <dt>d</dt>
  <data>
    -3.8675174771689941e-002 -2.0939421735601749e+000
    1.5054015004459188e+002</data></tvec>
<Rotation_Matrix type_id="opencv-matrix">
  <rows>3</rows>
  <cols>3</cols>
  <dt>d</dt>
  <data>
    9.9999362111896117e-001 -3.1100228564035475e-003
    1.7565532215791898e-003 1.5052229337603890e-003
    8.1291702804813126e-001 5.8237757495744413e-001
    -3.2391395936690465e-003 -5.8237121603598030e-001
    8.1291652382484292e-001</data></Rotation_Matrix>
</opencv_storage>
