<?xml version="1.0"?>
<opencv_storage>
<Camera_Matrix type_id="opencv-matrix">
  <rows>3</rows>
  <cols>3</cols>
  <dt>d</dt>
  <data>
    1.8735183145491442e+003 0. 2.5550000000000000e+002 0.
    1.8735183145491442e+003 2.5550000000000000e+002 0. 0. 1.</data></Camera_Matrix>
<Distortion_Coefficients type_id="opencv-matrix">
  <rows>5</rows>
  <cols>1</cols>
  <dt>d</dt>
  <data>
    5.9466283665082753e-001 -5.3080510584733588e+001 0. 0.
    -1.1964003802406280e+002</data></Distortion_Coefficients>
<rvec type_id="opencv-matrix">
  <rows>3</rows>
  <cols>1</cols>
  <dt>d</dt>
  <data>
    -3.5101580380197128e-001 -9.5054648128333301e-003
    1.1527657208286321e-003</data></rvec>
<tvec type_id="opencv-matrix">
  <rows>3</rows>
  <cols>1</cols>
  <dt>d</dt>
  <data>
    -7.4364139896191950e-002 -8.3915933236551099e-001
    1.9500361721505030e+002</data></tvec>
<Rotation_Matrix type_id="opencv-matrix">
  <rows>3</rows>
  <cols>3</cols>
  <dt>d</dt>
  <data>
    9.9995462773764399e-001 5.2199105700739368e-004
    -9.5115714477815878e-003 2.7804336274116423e-003
    9.3902372055562500e-001 3.4384112817217660e-001
    9.1110732031637279e-003 -3.4385197361540332e-001
    9.3897966356352924e-001</data></Rotation_Matrix>
</opencv_storage>
