<?xml version="1.0"?>
<opencv_storage>
<Camera_Matrix type_id="opencv-matrix">
  <rows>3</rows>
  <cols>3</cols>
  <dt>d</dt>
  <data>
    1.6843873430718631e+003 0. 2.5550000000000000e+002 0.
    1.6843873430718631e+003 2.5550000000000000e+002 0. 0. 1.</data></Camera_Matrix>
<Distortion_Coefficients type_id="opencv-matrix">
  <rows>5</rows>
  <cols>1</cols>
  <dt>d</dt>
  <data>
    -7.2308356772466755e+000 8.3201861444195674e+002 0. 0.
    -3.1756938835243629e+004</data></Distortion_Coefficients>
<rvec type_id="opencv-matrix">
  <rows>3</rows>
  <cols>1</cols>
  <dt>d</dt>
  <data>
    -3.4108594609547377e-001 -2.0453680446814574e-003
    5.5387516484928442e-003</data></rvec>
<tvec type_id="opencv-matrix">
  <rows>3</rows>
  <cols>1</cols>
  <dt>d</dt>
  <data>
    2.4906694243590469e-001 -3.0447499813475440e+000
    1.6744302127662780e+002</data></tvec>
<Rotation_Matrix type_id="opencv-matrix">
  <rows>3</rows>
  <cols>3</cols>
  <dt>d</dt>
  <data>
    9.9998273773574042e-001 -5.0864933872203184e-003
    -2.9413968714180117e-003 5.7774001868648390e-003
    9.4237693768524622e-001 3.3450310755814855e-001
    1.0704567316047009e-003 -3.3451432690394484e-001
    9.4239005683336163e-001</data></Rotation_Matrix>
</opencv_storage>
