<?xml version="1.0"?>
<opencv_storage>
<Camera_Matrix type_id="opencv-matrix">
  <rows>3</rows>
  <cols>3</cols>
  <dt>d</dt>
  <data>
    1.6632760010000000e+003 0. 2.6511465500000003e+002 0.
    1.6585139160000001e+003 2.6513391100000001e+002 0. 0. 1.</data></Camera_Matrix>
<Distortion_Coefficients type_id="opencv-matrix">
  <rows>4</rows>
  <cols>1</cols>
  <dt>d</dt>
  <data>
    -1.2190380000000001e+000 4.8725019999999999e+000
    -3.2209999999999999e-003 1.5420000000000000e-002</data></Distortion_Coefficients>
<rvec type_id="opencv-matrix">
  <rows>3</rows>
  <cols>1</cols>
  <dt>d</dt>
  <data>
    -3.2805693364714122e-001 -1.3363999597726897e-002
    4.4911503477559154e-003</data></rvec>
<tvec type_id="opencv-matrix">
  <rows>3</rows>
  <cols>1</cols>
  <dt>d</dt>
  <data>
    -7.6790119040129146e-001 -2.9761757014318384e+000
    1.7022528003593959e+002</data></tvec>
<Rotation_Matrix type_id="opencv-matrix">
  <rows>3</rows>
  <cols>3</cols>
  <dt>d</dt>
  <data>
    9.9990150629987362e-001 -2.2384270712045027e-003
    -1.3855220802664454e-002 6.5833294463944541e-003
    9.4666108435116092e-001 3.2216370240684217e-001
    1.2395058396148146e-002 -3.2222318479484219e-001
    9.4658258050104904e-001</data></Rotation_Matrix>
</opencv_storage>
