<?xml version="1.0"?>
<opencv_storage>
<Camera_Matrix type_id="opencv-matrix">
  <rows>3</rows>
  <cols>3</cols>
  <dt>d</dt>
  <data>
    1.8735183145491442e+003 0. 2.5550000000000000e+002 0.
    1.8735183145491442e+003 2.5550000000000000e+002 0. 0. 1.</data></Camera_Matrix>
<Distortion_Coefficients type_id="opencv-matrix">
  <rows>5</rows>
  <cols>1</cols>
  <dt>d</dt>
  <data>
    5.9466283665082753e-001 -5.3080510584733588e+001 0. 0.
    -1.1964003802406280e+002</data></Distortion_Coefficients>
<rvec type_id="opencv-matrix">
  <rows>3</rows>
  <cols>1</cols>
  <dt>d</dt>
  <data>
    -3.5126754937234095e-001 -8.5136725010378517e-003
    1.5944987440557599e-003</data></rvec>
<tvec type_id="opencv-matrix">
  <rows>3</rows>
  <cols>1</cols>
  <dt>d</dt>
  <data>
    -6.2526221841641236e-002 -1.0970049875246761e+000
    1.9476087928147516e+002</data></tvec>
<Rotation_Matrix type_id="opencv-matrix">
  <rows>3</rows>
  <cols>3</cols>
  <dt>d</dt>
  <data>
    9.9996287184585098e-001 -8.1923086526154969e-005
    -8.6167405906246771e-003 3.0418572843973267e-003
    9.3893644279482447e-001 3.4407717665672422e-001
    8.0623838943319846e-003 -3.4409061260140350e-001
    9.3890183101617786e-001</data></Rotation_Matrix>
</opencv_storage>
