<?xml version="1.0"?>
<opencv_storage>
<calibration_Time>"09/01/14 16:54:35"</calibration_Time>
<nrOfFrames>8</nrOfFrames>
<image_Width>512</image_Width>
<image_Height>512</image_Height>
<board_Width>5</board_Width>
<board_Height>5</board_Height>
<square_Size>5.</square_Size>
<FixAspectRatio>1.</FixAspectRatio>
<!-- flags:  +fix_aspectRatio +fix_principal_point +zero_tangent_dist -->
<flagValue>14</flagValue>
<Camera_Matrix type_id="opencv-matrix">
  <rows>3</rows>
  <cols>3</cols>
  <dt>d</dt>
  <data>
    1663.276001 0. 265.114655  0.
    1658.513916 265.133911 0. 0. 1.</data></Camera_Matrix>
<Distortion_Coefficients type_id="opencv-matrix">
  <rows>4</rows>
  <cols>1</cols>
  <dt>d</dt>
  <data>
    -1.219038 4.872502 -0.003221 0.015420</data></Distortion_Coefficients>
<Avg_Reprojection_Error>1.0563004969869203e+000</Avg_Reprojection_Error>
<Per_View_Reprojection_Errors type_id="opencv-matrix">
  <rows>8</rows>
  <cols>1</cols>
  <dt>f</dt>
  <data>
    9.81700003e-001 9.44676518e-001 9.77581918e-001 1.13015354e+000
    1.04950881e+000 1.05067515e+000 1.25791442e+000 1.02438676e+000</data></Per_View_Reprojection_Errors>
<!-- a set of 6-tuples (rotation vector + translation vector) for each view -->
<Extrinsic_Parameters type_id="opencv-matrix">
  <rows>8</rows>
  <cols>6</cols>
  <dt>d</dt>
  <data>
    -3.1190590602777840e-001 1.9170178479661548e-001
    1.1215968038599360e+000 3.5443172657327153e+000
    -1.4196038689170125e+001 1.7477622425387176e+002
    -3.4146042573598806e-001 5.6513816240918752e-002
    3.6446530619855988e-001 -7.0173755061612546e+000
    -1.4848027750374035e+001 1.7487452917720293e+002
    -6.7609782535913587e-001 -2.7940951076628490e-002
    3.0289807210776498e-001 -1.0735049455622311e+001
    -9.9948846205441022e+000 1.7052400509555690e+002
    -4.9440512302345968e-001 5.1561470390774478e-001
    1.4565991114041916e+000 1.2416004389437495e+001
    -8.6495164308164956e+000 1.7033114400276980e+002
    -5.9299182616849511e-001 6.0738024113728806e-001
    1.2138620128026238e+000 7.2351448037970698e+000
    -1.4143215006271481e+001 1.7093096247260860e+002
    1.2161870246842851e-001 1.0029217386727496e-001
    2.6374502829284358e-001 -1.1155376424053765e+001
    -1.5004746779640186e+001 1.6141786128490131e+002
    7.5344905103310100e-002 3.3830470634374832e-001
    1.4870177064030570e+000 1.4954197612900314e+001
    -1.1950544363916485e+001 1.6033226663106797e+002
    -3.1423981365383791e-001 -4.6485036169220750e-001
    3.2370996990033291e-001 -9.3889178146261383e+000
    -1.3196498694657121e+001 1.6090113256111022e+002</data></Extrinsic_Parameters>
<Image_points type_id="opencv-matrix">
  <rows>8</rows>
  <cols>25</cols>
  <dt>"2f"</dt>
  <data>
    2.89121857e+002 1.21523560e+002 3.09469055e+002 1.60340271e+002
    3.29872650e+002 2.00021393e+002 3.52324188e+002 2.42887650e+002
    3.73391541e+002 2.83484650e+002 2.47459000e+002 1.39346451e+002
    2.67364410e+002 1.78473587e+002 2.87699707e+002 2.18382797e+002
    3.09623718e+002 2.61701691e+002 3.30489563e+002 3.02620148e+002
    2.01981354e+002 1.58857956e+002 2.21686920e+002 1.98288956e+002
    2.41507004e+002 2.38635818e+002 2.63431061e+002 2.82248352e+002
    2.83713287e+002 3.23469299e+002 1.59125946e+002 1.77305496e+002
    1.78373428e+002 2.17051529e+002 1.98193283e+002 2.57509644e+002
    2.19473358e+002 3.01580078e+002 2.39692108e+002 3.43081451e+002
    1.15796249e+002 1.95569473e+002 1.35102554e+002 2.35654556e+002
    1.54317032e+002 2.76578583e+002 1.75505859e+002 3.20810883e+002
    1.95346603e+002 3.62808624e+002 1.89389008e+002 1.15665558e+002
    2.32637909e+002 1.31010284e+002 2.76266785e+002 1.46544891e+002
    3.23219788e+002 1.63288803e+002 3.66912933e+002 1.78789078e+002
    1.71894760e+002 1.55571167e+002 2.15558853e+002 1.71169403e+002
    2.59580170e+002 1.87024078e+002 3.06905212e+002 2.03828278e+002
    3.50953491e+002 2.19766342e+002 1.54234573e+002 1.96253357e+002
    1.98281387e+002 2.12224747e+002 2.42478851e+002 2.28226120e+002
    2.90158966e+002 2.45550430e+002 3.34502686e+002 2.61599792e+002
    1.35194092e+002 2.40442947e+002 1.79371536e+002 2.56713165e+002
    2.24029739e+002 2.73126465e+002 2.71913513e+002 2.90504974e+002
    3.16731445e+002 3.07130157e+002 1.16882011e+002 2.82146423e+002
    1.61546432e+002 2.98747864e+002 2.06356766e+002 3.15223541e+002
    2.54779633e+002 3.33284637e+002 2.99884338e+002 3.49883942e+002
    1.51677109e+002 1.58790985e+002 1.97091507e+002 1.72199341e+002
    2.42710312e+002 1.85710907e+002 2.91882568e+002 2.00301956e+002
    3.37442108e+002 2.13621048e+002 1.36966293e+002 1.93197250e+002
    1.83048798e+002 2.06678482e+002 2.29746765e+002 2.20717819e+002
    2.79459320e+002 2.35277664e+002 3.25916229e+002 2.49145187e+002
    1.21552902e+002 2.28477463e+002 1.68517624e+002 2.42580612e+002
    2.15787140e+002 2.56623718e+002 2.66616486e+002 2.71834351e+002
    3.13642944e+002 2.85861542e+002 1.04806686e+002 2.67579620e+002
    1.52500061e+002 2.82097870e+002 2.00611023e+002 2.96741089e+002
    2.52180740e+002 3.12123474e+002 3.00303711e+002 3.26681946e+002
    8.84075470e+001 3.05405914e+002 1.37068283e+002 3.20166962e+002
    1.85862564e+002 3.34834076e+002 2.38422256e+002 3.50972290e+002
    2.87378510e+002 3.65764282e+002 3.75926636e+002 1.71701202e+002
    3.80408661e+002 2.08999451e+002 3.84794617e+002 2.47548676e+002
    3.89723633e+002 2.90256653e+002 3.94473297e+002 3.31214142e+002
    3.28854919e+002 1.74328964e+002 3.32339661e+002 2.11466141e+002
    3.36095703e+002 2.50220215e+002 3.40030396e+002 2.92848663e+002
    3.43924377e+002 3.33976807e+002 2.77697662e+002 1.77199692e+002
    2.80667542e+002 2.14481583e+002 2.83280853e+002 2.53153580e+002
    2.86417786e+002 2.95961304e+002 2.89157196e+002 3.36889740e+002
    2.29955429e+002 1.79633591e+002 2.31848053e+002 2.17127274e+002
    2.33863342e+002 2.55759445e+002 2.35896790e+002 2.98568207e+002
    2.38015472e+002 3.39669830e+002 1.82290421e+002 1.82109940e+002
    1.83536072e+002 2.19664047e+002 1.84453156e+002 2.58559113e+002
    1.85852829e+002 3.01270782e+002 1.86836304e+002 3.42585724e+002
    3.25600037e+002 1.18991600e+002 3.38519501e+002 1.48473282e+002
    3.51790283e+002 1.79401093e+002 3.66732727e+002 2.13651932e+002
    3.81062195e+002 2.46882538e+002 2.80265961e+002 1.30098190e+002
    2.92097473e+002 1.59911133e+002 3.04623901e+002 1.91095993e+002
    3.18430786e+002 2.25652435e+002 3.31848389e+002 2.59316620e+002
    2.30812088e+002 1.42262329e+002 2.41973114e+002 1.72448471e+002
    2.53210312e+002 2.03890564e+002 2.66129730e+002 2.38814438e+002
    2.78205444e+002 2.72689697e+002 1.84287140e+002 1.53507935e+002
    1.94435272e+002 1.84082245e+002 2.05116211e+002 2.15728027e+002
    2.16662491e+002 2.51177963e+002 2.28101059e+002 2.85405853e+002
    1.37703918e+002 1.64869431e+002 1.46966705e+002 1.95577606e+002
    1.56458618e+002 2.27799042e+002 1.67191818e+002 2.63330048e+002
    1.77394379e+002 2.98223328e+002 1.41881439e+002 1.02740669e+002
    1.89890381e+002 1.15789070e+002 2.38189606e+002 1.28791153e+002
    2.90165558e+002 1.42773712e+002 3.38346832e+002 1.55842987e+002
    1.29694382e+002 1.51210266e+002 1.77359436e+002 1.64234146e+002
    2.25588516e+002 1.77431702e+002 2.77240723e+002 1.91347321e+002
    3.25440887e+002 2.04663956e+002 1.17348587e+002 1.99338745e+002
    1.65178116e+002 2.12650696e+002 2.12888412e+002 2.25758362e+002
    2.64424103e+002 2.39948700e+002 3.12305420e+002 2.53231506e+002
    1.04635918e+002 2.50397491e+002 1.51901184e+002 2.63632507e+002
    1.99552872e+002 2.77036713e+002 2.50762375e+002 2.91120453e+002
    2.98532135e+002 3.04571259e+002 9.27351761e+001 2.97359619e+002
    1.39936417e+002 3.10780792e+002 1.87252258e+002 3.24150574e+002
    2.38362411e+002 3.38434204e+002 2.85876404e+002 3.51801331e+002
    4.08922760e+002 1.33401932e+002 4.12396179e+002 1.82506027e+002
    4.15570801e+002 2.32447174e+002 4.19158295e+002 2.86248016e+002
