<?xml version="1.0"?>
<opencv_storage>
<calibration_Time>"09/15/14 16:54:04"</calibration_Time>
<nrOfFrames>8</nrOfFrames>
<image_Width>512</image_Width>
<image_Height>512</image_Height>
<board_Width>9</board_Width>
<board_Height>7</board_Height>
<square_Size>2.5000000000000000e+000</square_Size>
<FixAspectRatio>1.</FixAspectRatio>
<!-- flags:  +fix_aspectRatio +fix_principal_point +zero_tangent_dist -->
<flagValue>14</flagValue>
<Camera_Matrix type_id="opencv-matrix">
  <rows>3</rows>
  <cols>3</cols>
  <dt>d</dt>
  <data>
    1.8735183145491442e+003 0. 2.5550000000000000e+002 0.
    1.8735183145491442e+003 2.5550000000000000e+002 0. 0. 1.</data></Camera_Matrix>
<Distortion_Coefficients type_id="opencv-matrix">
  <rows>5</rows>
  <cols>1</cols>
  <dt>d</dt>
  <data>
    5.9466283665082753e-001 -5.3080510584733588e+001 0. 0.
    -1.1964003802406280e+002</data></Distortion_Coefficients>
<Avg_Reprojection_Error>3.1037571909745248e-001</Avg_Reprojection_Error>
<Per_View_Reprojection_Errors type_id="opencv-matrix">
  <rows>8</rows>
  <cols>1</cols>
  <dt>f</dt>
  <data>
    3.18427473e-001 3.14359516e-001 3.14280599e-001 2.99686372e-001
    3.09652418e-001 3.04706603e-001 3.00504953e-001 3.20668966e-001</data></Per_View_Reprojection_Errors>
<!-- a set of 6-tuples (rotation vector + translation vector) for each view -->
<Extrinsic_Parameters type_id="opencv-matrix">
  <rows>8</rows>
  <cols>6</cols>
  <dt>d</dt>
  <data>
    -3.1067085713100800e-001 -1.0710624779449199e-001
    6.6927728435221254e-002 -9.3923157445618539e+000
    -7.1854284083585540e+000 1.9201568782507965e+002
    -3.3581271075495356e-001 1.0378452377889515e-001
    -1.5369203940419546e-001 -9.4700609895744812e+000
    -7.7936514026202008e+000 1.9528268815373741e+002
    -4.4098367139342476e-001 6.5238402305486290e-002
    -5.3078014210954025e-002 -8.0718693577916518e+000
    -5.4889186090208035e+000 1.9428114372519764e+002
    -5.0839866034230685e-001 -1.3973924622711855e-002
    9.3108266270533577e-002 -1.0683915090929375e+001
    -5.5798381118260343e+000 1.9369664764229697e+002
    -3.8568039748983973e-001 -1.0256097181646174e-002
    -1.1017350240613656e-002 -9.2886942490239370e+000
    -6.1803957053421268e+000 1.9375208767842093e+002
    -5.1085166106680557e-001 -2.0485590243423758e-002
    2.1133508754240280e-002 -1.1893482668431174e+001
    -3.7389885727157020e+000 1.9339059896954015e+002
    -2.1114185809522792e-001 8.8540977000607632e-002
    4.0800274933069747e-001 -6.2186834830666591e+000
    -1.4084071970992051e+001 1.9543517067285848e+002
    -3.4665582079882062e-001 1.4115888909739635e-001
    -1.2606952626196894e-002 -4.2462943901834862e+000
    -9.4162665495180562e+000 1.9628277345466179e+002</data></Extrinsic_Parameters>
<Image_points type_id="opencv-matrix">
  <rows>8</rows>
  <cols>63</cols>
  <dt>"2f"</dt>
  <data>
    1.63477295e+002 1.85190979e+002 1.88208893e+002 1.87302536e+002
    2.12637817e+002 1.89396164e+002 2.36494370e+002 1.91438416e+002
    2.60858765e+002 1.93559158e+002 2.84541931e+002 1.95580902e+002
    3.09004028e+002 1.97670898e+002 3.32406036e+002 1.99664505e+002
    3.56514893e+002 2.01785156e+002 1.61927322e+002 2.08580078e+002
    1.86564713e+002 2.10526718e+002 2.11415222e+002 2.12742188e+002
    2.35089142e+002 2.14736237e+002 2.59731140e+002 2.16786255e+002
    2.83417480e+002 2.18769043e+002 3.08027039e+002 2.20892105e+002
    3.31410461e+002 2.22926437e+002 3.55788330e+002 2.24962234e+002
    1.60261093e+002 2.31320023e+002 1.85238617e+002 2.33460617e+002
    2.09905838e+002 2.35401337e+002 2.33815308e+002 2.37507141e+002
    2.58531006e+002 2.39516525e+002 2.82447449e+002 2.41428650e+002
    3.06896362e+002 2.43540665e+002 3.30549927e+002 2.45579361e+002
    3.54931152e+002 2.47594543e+002 1.58650620e+002 2.55078568e+002
    1.83539612e+002 2.57184235e+002 2.08531311e+002 2.59226868e+002
    2.32480408e+002 2.61220184e+002 2.57409607e+002 2.63266266e+002
    2.81264465e+002 2.65212372e+002 3.05955475e+002 2.67183685e+002
    3.29686310e+002 2.69123352e+002 3.54316437e+002 2.71147339e+002
    1.57017944e+002 2.78231079e+002 1.82114929e+002 2.80321655e+002
    2.07118164e+002 2.82337891e+002 2.31284821e+002 2.84352112e+002
    2.56151550e+002 2.86308624e+002 2.80175354e+002 2.88210266e+002
    3.04928894e+002 2.90334106e+002 3.28871552e+002 2.92344421e+002
    3.53439392e+002 2.94110504e+002 1.55412170e+002 3.02503021e+002
    1.80500610e+002 3.04441833e+002 2.05658463e+002 3.06478119e+002
    2.29806396e+002 3.08476532e+002 2.54921036e+002 3.10492432e+002
    2.79035767e+002 3.12442871e+002 3.03929352e+002 3.14369843e+002
    3.27913422e+002 3.16273041e+002 3.52641449e+002 3.18277344e+002
    1.53682617e+002 3.25921692e+002 1.79026886e+002 3.28068939e+002
    2.04237091e+002 3.29911377e+002 2.28531845e+002 3.31845886e+002
    2.53708832e+002 3.33740234e+002 2.77932861e+002 3.35852448e+002
    3.02832520e+002 3.37765625e+002 3.26910919e+002 3.39635193e+002
    3.51835266e+002 3.41507355e+002 1.64328766e+002 1.80544113e+002
    1.88199188e+002 1.76486389e+002 2.12117371e+002 1.72238770e+002
    2.35288147e+002 1.68287659e+002 2.59240784e+002 1.64053787e+002
    2.82515594e+002 1.60070892e+002 3.06663696e+002 1.55741150e+002
    3.30002045e+002 1.51693512e+002 3.54070801e+002 1.47588226e+002
    1.67235336e+002 2.03171097e+002 1.90924576e+002 1.98918274e+002
    2.15243896e+002 1.94811783e+002 2.38376404e+002 1.90707062e+002
    2.62521332e+002 1.86537964e+002 2.85806488e+002 1.82451324e+002
    3.10182495e+002 1.78316956e+002 3.33463348e+002 1.74359299e+002
    3.57771790e+002 1.70081299e+002 1.69815430e+002 2.25087769e+002
    1.93936127e+002 2.20945969e+002 2.18009048e+002 2.16711792e+002
    2.41408417e+002 2.12776901e+002 2.65585480e+002 2.08535477e+002
    2.89240906e+002 2.04379715e+002 3.13448151e+002 2.00316803e+002
    3.37100769e+002 1.96351913e+002 3.61433685e+002 1.92133438e+002
    1.72830963e+002 2.47964752e+002 1.96913345e+002 2.43802826e+002
    2.21288452e+002 2.39686615e+002 2.44571716e+002 2.35737457e+002
    2.69115570e+002 2.31527054e+002 2.92582153e+002 2.27471466e+002
    3.17145325e+002 2.23276718e+002 3.40672546e+002 2.19231140e+002
    3.65365631e+002 2.14878891e+002 1.75552811e+002 2.70351959e+002
    1.99926010e+002 2.66192932e+002 2.24170303e+002 2.62080536e+002
    2.47826202e+002 2.58132355e+002 2.72320129e+002 2.53863586e+002
    2.95988068e+002 2.49751648e+002 3.20552124e+002 2.45730972e+002
    3.44437317e+002 2.41753647e+002 3.68996826e+002 2.37413605e+002
    1.78598953e+002 2.93722748e+002 2.02901016e+002 2.89554596e+002
    2.27423080e+002 2.85400452e+002 2.51046768e+002 2.81497498e+002
    2.75732025e+002 2.77388031e+002 2.99522217e+002 2.73353180e+002
    3.24233459e+002 2.69131744e+002 3.48163879e+002 2.65051788e+002
    3.72931671e+002 2.60865082e+002 1.81339813e+002 3.16423767e+002
    2.05864944e+002 3.12483063e+002 2.30471054e+002 3.08193848e+002
    2.54327789e+002 3.04310822e+002 2.78982513e+002 2.99994049e+002
    3.02919800e+002 2.96155548e+002 3.27720795e+002 2.91958008e+002
    3.51768463e+002 2.87892303e+002 3.76616760e+002 2.83630127e+002
    1.77387619e+002 2.02461838e+002 2.01703033e+002 2.00822205e+002
    2.26045517e+002 1.99131256e+002 2.49675293e+002 1.97495819e+002
    2.74125916e+002 1.95914169e+002 2.97779968e+002 1.94311707e+002
    3.22352020e+002 1.92570541e+002 3.46016388e+002 1.91046860e+002
    3.70542755e+002 1.89437347e+002 1.77882172e+002 2.24479889e+002
    2.02149368e+002 2.22654816e+002 2.26953094e+002 2.21152069e+002
    2.50466232e+002 2.19536087e+002 2.75217651e+002 2.17898438e+002
    2.98866913e+002 2.16282089e+002 3.23683868e+002 2.14587845e+002
    3.47423950e+002 2.13055191e+002 3.72200165e+002 2.11375214e+002
    1.78208878e+002 2.45774139e+002 2.02905716e+002 2.44224869e+002
    2.27436417e+002 2.42512924e+002 2.51313034e+002 2.41089157e+002
    2.76109741e+002 2.39371872e+002 3.00119812e+002 2.37622528e+002
