<?xml version="1.0"?>
<opencv_storage>
<calibration_Time>"10/06/14 12:29:33"</calibration_Time>
<nrOfFrames>7</nrOfFrames>
<image_Width>512</image_Width>
<image_Height>512</image_Height>
<board_Width>9</board_Width>
<board_Height>7</board_Height>
<square_Size>2.5000000000000000e+000</square_Size>
<FixAspectRatio>1.</FixAspectRatio>
<!-- flags:  +fix_aspectRatio +fix_principal_point +zero_tangent_dist -->
<flagValue>14</flagValue>
<Camera_Matrix type_id="opencv-matrix">
  <rows>3</rows>
  <cols>3</cols>
  <dt>d</dt>
  <data>
    1.7693822012326004e+003 0. 2.5550000000000000e+002 0.
    1.7693822012326004e+003 2.5550000000000000e+002 0. 0. 1.</data></Camera_Matrix>
<Distortion_Coefficients type_id="opencv-matrix">
  <rows>5</rows>
  <cols>1</cols>
  <dt>d</dt>
  <data>
    -2.2982657332805403e-001 4.6989287946776326e+000 0. 0.
    1.1166840907346973e+003</data></Distortion_Coefficients>
<Avg_Reprojection_Error>1.4261999914051388e-001</Avg_Reprojection_Error>
<Per_View_Reprojection_Errors type_id="opencv-matrix">
  <rows>7</rows>
  <cols>1</cols>
  <dt>f</dt>
  <data>
    1.31941944e-001 1.61177233e-001 1.40768841e-001 1.33755460e-001
    1.35491505e-001 1.29548043e-001 1.61707878e-001</data></Per_View_Reprojection_Errors>
<!-- a set of 6-tuples (rotation vector + translation vector) for each view -->
<Extrinsic_Parameters type_id="opencv-matrix">
  <rows>7</rows>
  <cols>6</cols>
  <dt>d</dt>
  <data>
    -5.1639034378676851e-001 -1.1012539685448898e-001
    -2.8185972961518441e-001 -1.0386287158178826e+001
    -5.3066937083864456e+000 1.4792260527653303e+002
    -6.1642046051007238e-001 1.0119447580931924e-001
    -2.9926680701845641e-002 -1.1794656411604739e+001
    -7.0883012018325227e+000 1.5134688920380123e+002
    -7.2635690860003821e-001 -4.6637791877187310e-003
    -6.2100390405714053e-003 -1.1120951895827742e+001
    -6.9822315244532716e+000 1.5105219017258065e+002
    -6.3435556335060295e-001 -1.7781806897330404e-001
    -2.3399653525294808e-001 -1.0575342397710358e+001
    -7.0378930877139512e+000 1.4921097935745843e+002
    -6.1216286374130191e-001 -1.2534766398282349e-001
    -3.8194633215404455e-001 -1.2351604870658115e+001
    -1.3508675237264618e+000 1.4971275425486050e+002
    -6.0785521302424428e-001 1.2736296025150362e-001
    3.9892503921850880e-001 -5.4246654775695236e+000
    -8.6891096549485933e+000 1.5516475462196436e+002
    -6.5691992573153746e-001 1.1785129422902793e-001
    2.3217637843201125e-001 -1.0122822141813788e+001
    -1.0997545286440374e+001 1.5466015343174169e+002</data></Extrinsic_Parameters>
<Image_points type_id="opencv-matrix">
  <rows>7</rows>
  <cols>63</cols>
  <dt>"2f"</dt>
  <data>
    1.31440445e+002 1.91957642e+002 1.60265839e+002 1.85246674e+002
    1.88976746e+002 1.78232681e+002 2.17323395e+002 1.71394180e+002
    2.45542297e+002 1.64729233e+002 2.73897034e+002 1.57990585e+002
    3.01727966e+002 1.51285004e+002 3.29632996e+002 1.44615448e+002
    3.57319580e+002 1.37970718e+002 1.39311203e+002 2.16838348e+002
    1.68329269e+002 2.09681122e+002 1.97089111e+002 2.02620651e+002
    2.25776169e+002 1.95541458e+002 2.54284225e+002 1.88734406e+002
    2.82614532e+002 1.81834793e+002 3.10979065e+002 1.75166977e+002
    3.38843384e+002 1.68323257e+002 3.66689392e+002 1.61529144e+002
    1.46918060e+002 2.41650284e+002 1.76455048e+002 2.34563309e+002
    2.05340927e+002 2.27336243e+002 2.34312225e+002 2.20179810e+002
    2.62970428e+002 2.13040085e+002 2.91555786e+002 2.06248154e+002
    3.20023956e+002 1.99172226e+002 3.48356628e+002 1.92385498e+002
    3.76336487e+002 1.85367630e+002 1.55427414e+002 2.66796112e+002
    1.84526749e+002 2.59631805e+002 2.14157715e+002 2.52501801e+002
    2.43023361e+002 2.45161011e+002 2.72124695e+002 2.37992828e+002
    3.00689056e+002 2.31015228e+002 3.29465424e+002 2.23819107e+002
    3.57852051e+002 2.16767548e+002 3.86166168e+002 2.09871536e+002
    1.63397934e+002 2.92630188e+002 1.93261993e+002 2.85298767e+002
    2.22556000e+002 2.77880981e+002 2.51939148e+002 2.70554352e+002
    2.81071869e+002 2.63389984e+002 3.10328430e+002 2.56135437e+002
    3.38928528e+002 2.48954514e+002 3.67555695e+002 2.41736923e+002
    3.95964508e+002 2.34547226e+002 1.71750809e+002 3.18950439e+002
    2.01692963e+002 3.11359497e+002 2.31393875e+002 3.03912872e+002
    2.60863800e+002 2.96464203e+002 2.90412201e+002 2.88805420e+002
    3.19489258e+002 2.81561890e+002 3.48678314e+002 2.74262268e+002
    3.77432831e+002 2.66901306e+002 4.06148834e+002 2.59756165e+002
    1.80246780e+002 3.45369324e+002 2.10376251e+002 3.37630066e+002
    2.40250961e+002 3.30268982e+002 2.70089691e+002 3.22565826e+002
    2.99561859e+002 3.14964050e+002 3.28975220e+002 3.07395172e+002
    3.58325348e+002 2.99959808e+002 3.87255035e+002 2.92479950e+002
    4.16112274e+002 2.85040009e+002 1.17638069e+002 1.72748199e+002
    1.46761429e+002 1.71023544e+002 1.75428177e+002 1.69267548e+002
    2.04863129e+002 1.67191620e+002 2.33605835e+002 1.65430161e+002
    2.63087585e+002 1.63561462e+002 2.92278778e+002 1.61549347e+002
    3.21687225e+002 1.59681091e+002 3.51088898e+002 1.57829758e+002
    1.16277916e+002 1.96059875e+002 1.45675415e+002 1.94297455e+002
    1.74546448e+002 1.92373581e+002 2.04180405e+002 1.90325974e+002
    2.33391678e+002 1.88708755e+002 2.62928772e+002 1.86885452e+002
    2.92587891e+002 1.84993546e+002 3.22344574e+002 1.83070587e+002
    3.51853333e+002 1.81238892e+002 1.14812683e+002 2.19538177e+002
    1.44387924e+002 2.17885361e+002 1.73775375e+002 2.16081879e+002
    2.03452972e+002 2.14245178e+002 2.33235123e+002 2.12382690e+002
    2.62918213e+002 2.10652100e+002 2.92875031e+002 2.08815552e+002
    3.22865051e+002 2.06917221e+002 3.52964020e+002 2.05053543e+002
    1.13591225e+002 2.43812531e+002 1.43251572e+002 2.42043167e+002
    1.73212952e+002 2.40536880e+002 2.03025620e+002 2.38361542e+002
    2.33108154e+002 2.36741730e+002 2.62927826e+002 2.35003418e+002
    2.93296509e+002 2.33134735e+002 3.23531982e+002 2.31336594e+002
    3.54060120e+002 2.29664886e+002 1.11912964e+002 2.68390656e+002
    1.42396851e+002 2.66681976e+002 1.72007782e+002 2.65039642e+002
    2.02399216e+002 2.63319092e+002 2.32506897e+002 2.61550873e+002
    2.63239899e+002 2.59824127e+002 2.93437378e+002 2.58037231e+002
    3.24234406e+002 2.56353882e+002 3.54827148e+002 2.54313995e+002
    1.10574203e+002 2.93554199e+002 1.40696350e+002 2.91804718e+002
    1.71217789e+002 2.90257538e+002 2.01640839e+002 2.88481598e+002
    2.32404175e+002 2.86571136e+002 2.62971893e+002 2.84940063e+002
    2.93909149e+002 2.83311218e+002 3.24764282e+002 2.81478210e+002
    3.55784485e+002 2.79715973e+002 1.08935760e+002 3.18982971e+002
    1.39573593e+002 3.17352234e+002 1.70112106e+002 3.15797607e+002
    2.01159561e+002 3.14202789e+002 2.31878998e+002 3.12371216e+002
    2.62994141e+002 3.10648956e+002 2.94148804e+002 3.08971527e+002
    3.25409729e+002 3.07235657e+002 3.56665955e+002 3.05505768e+002
    1.25290230e+002 1.73749008e+002 1.54703903e+002 1.73808807e+002
    1.83829544e+002 1.73604919e+002 2.13276718e+002 1.73459534e+002
    2.42254974e+002 1.73383163e+002 2.71566132e+002 1.73240646e+002
    3.00806396e+002 1.73057953e+002 3.30094299e+002 1.72970444e+002
    3.59326599e+002 1.72768585e+002 1.24105026e+002 1.95018341e+002
    1.53814575e+002 1.94999420e+002 1.83113785e+002 1.94724747e+002
    2.12830292e+002 1.94512589e+002 2.42405746e+002 1.94458984e+002
    2.72143951e+002 1.94340652e+002 3.01478027e+002 1.94212204e+002
    3.31176270e+002 1.94170593e+002 3.60587585e+002 1.93965012e+002
    1.22787460e+002 2.16560394e+002 1.52837006e+002 2.16652786e+002
    1.82590347e+002 2.16384491e+002 2.12492935e+002 2.16341003e+002
    2.42464355e+002 2.16135193e+002 2.72397522e+002 2.16187698e+002
    3.02220581e+002 2.15809769e+002 3.32313141e+002 2.15797028e+002
    3.62154114e+002 2.15563400e+002 1.21884834e+002 2.38847473e+002
    1.51816223e+002 2.38477310e+002 1.82209854e+002 2.38766357e+002
