<?xml version="1.0"?>
<opencv_storage>
<calibration_Time>"08/31/14 14:32:50"</calibration_Time>
<nrOfFrames>8</nrOfFrames>
<image_Width>512</image_Width>
<image_Height>512</image_Height>
<board_Width>7</board_Width>
<board_Height>7</board_Height>
<square_Size>5.</square_Size>
<FixAspectRatio>1.</FixAspectRatio>
<!-- flags:  +fix_aspectRatio +fix_principal_point +zero_tangent_dist -->
<flagValue>14</flagValue>
<Camera_Matrix type_id="opencv-matrix">
  <rows>3</rows>
  <cols>3</cols>
  <dt>d</dt>
  <data>
    1.8456413333561195e+003 0. 2.5550000000000000e+002 0.
    1.8456413333561195e+003 2.5550000000000000e+002 0. 0. 1.</data></Camera_Matrix>
<Distortion_Coefficients type_id="opencv-matrix">
  <rows>5</rows>
  <cols>1</cols>
  <dt>d</dt>
  <data>
    -3.3022105696480151e+000 2.5999184279255638e+002 0. 0.
    -7.4524194363338884e+003</data></Distortion_Coefficients>
<Avg_Reprojection_Error>1.0404331207328039e+000</Avg_Reprojection_Error>
<Per_View_Reprojection_Errors type_id="opencv-matrix">
  <rows>8</rows>
  <cols>1</cols>
  <dt>f</dt>
  <data>
    1.04205251e+000 1.06258404e+000 1.04981625e+000 1.10123789e+000
    9.76521254e-001 1.03883910e+000 1.04523885e+000 1.00245023e+000</data></Per_View_Reprojection_Errors>
<!-- a set of 6-tuples (rotation vector + translation vector) for each view -->
<Extrinsic_Parameters type_id="opencv-matrix">
  <rows>8</rows>
  <cols>6</cols>
  <dt>d</dt>
  <data>
    -3.4126974648941077e-001 -1.1639725170094331e-001
    6.4689244717536700e-003 -1.6396547082395404e+001
    -1.6268735230164243e+001 1.8841562486456118e+002
    -3.3904053325190536e-001 9.0625215660525019e-002
    8.3982906660187741e-003 -1.6282051691388784e+001
    -1.6734975907498800e+001 1.9194130227011084e+002
    -4.5133042473707979e-001 -1.0742118955456733e-002
    -2.0184987534301096e-003 -1.7846317973247896e+001
    -1.3340793743022363e+001 1.9045684000365935e+002
    -2.3412378878483131e-001 -1.2451661793542715e-002
    1.7614370639808172e-002 -1.7756412009658746e+001
    -1.7512057712674210e+001 1.8892275594754028e+002
    -1.9681912083086162e-001 3.4984273643174862e-001
    1.5620365461288304e+000 1.7671536718475860e+001
    -1.4088556250567885e+001 1.8770468453544706e+002
    -4.0602143299922244e-001 -6.7059229341571755e-002
    7.5825363191329492e-003 -1.6929204414379736e+001
    -1.5691550820948764e+001 1.8946198684016983e+002
    -2.8904378516469303e-001 4.8884519845365196e-002
    -1.0498339448385575e-003 -1.6317049517297509e+001
    -1.5591701915189683e+001 1.8979214512838868e+002
    -3.0457076269423111e-001 2.0987531167562268e-001
    1.2840638007457936e+000 1.0058893232614880e+001
    -1.7313486647747691e+001 1.9396159929468138e+002</data></Extrinsic_Parameters>
<Image_points type_id="opencv-matrix">
  <rows>8</rows>
  <cols>49</cols>
  <dt>"2f"</dt>
  <data>
    9.75341644e+001 9.88637390e+001 1.45151474e+002 1.00622971e+002
    1.92454117e+002 1.01861404e+002 2.42720551e+002 1.03659523e+002
    2.89199036e+002 1.05213364e+002 3.35803619e+002 1.06854515e+002
    3.82048279e+002 1.08517563e+002 9.67038803e+001 1.42538116e+002
    1.44688629e+002 1.44083633e+002 1.92468689e+002 1.45515869e+002
    2.43242874e+002 1.47119568e+002 2.90138672e+002 1.48642014e+002
    3.37134216e+002 1.50125000e+002 3.83850281e+002 1.51667587e+002
    9.55776367e+001 1.87078629e+002 1.44271973e+002 1.88510559e+002
    1.92381226e+002 1.89755539e+002 2.43643188e+002 1.91396118e+002
    2.91061310e+002 1.92681931e+002 3.38656189e+002 1.94072540e+002
    3.85697235e+002 1.95592194e+002 9.47423325e+001 2.35652298e+002
    1.43776459e+002 2.36970169e+002 1.92470474e+002 2.38278320e+002
    2.44301651e+002 2.39618835e+002 2.92179565e+002 2.40969559e+002
    3.40040375e+002 2.42261124e+002 3.87798859e+002 2.43526825e+002
    9.38403549e+001 2.81857513e+002 1.43305878e+002 2.83062958e+002
    1.92425934e+002 2.84152161e+002 2.44709091e+002 2.85497711e+002
    2.93052551e+002 2.86585266e+002 3.41469177e+002 2.87825439e+002
    3.89588440e+002 2.89050262e+002 9.30265656e+001 3.29275543e+002
    1.42894409e+002 3.30374146e+002 1.92609863e+002 3.31405609e+002
    2.45388092e+002 3.32568085e+002 2.94140320e+002 3.33665436e+002
    3.43058441e+002 3.34725861e+002 3.91506409e+002 3.35746216e+002
    9.21085510e+001 3.77517273e+002 1.42498840e+002 3.78531891e+002
    1.92676300e+002 3.79465057e+002 2.45907944e+002 3.80496826e+002
    2.95036743e+002 3.81428589e+002 3.44415863e+002 3.82311066e+002
    3.93499207e+002 3.83277588e+002 1.01634689e+002 9.72902222e+001
    1.47747375e+002 9.66203308e+001 1.94227798e+002 9.56334152e+001
    2.44180481e+002 9.48260803e+001 2.90808167e+002 9.40988388e+001
    3.38129974e+002 9.33556137e+001 3.85556793e+002 9.25772858e+001
    9.91896820e+001 1.40370346e+002 1.45577744e+002 1.39531357e+002
    1.92596375e+002 1.38801193e+002 2.42938705e+002 1.38087982e+002
    2.90091461e+002 1.37450378e+002 3.37744995e+002 1.36769531e+002
    3.85692474e+002 1.36177139e+002 9.63301697e+001 1.83937363e+002
    1.43451050e+002 1.83353836e+002 1.90656113e+002 1.82715820e+002
    2.41694443e+002 1.82205154e+002 2.89160736e+002 1.81505264e+002
    3.37485107e+002 1.81036682e+002 3.85839935e+002 1.80593338e+002
    9.36219177e+001 2.31652649e+002 1.41011520e+002 2.31111206e+002
    1.88890350e+002 2.30768036e+002 2.40302368e+002 2.30292404e+002
    2.88374664e+002 2.29890244e+002 3.36955750e+002 2.29525238e+002
    3.85905243e+002 2.29070953e+002 9.08981247e+001 2.76932861e+002
    1.38857376e+002 2.76615814e+002 1.87095490e+002 2.76214539e+002
    2.38897827e+002 2.75995911e+002 2.87544891e+002 2.75622498e+002
    3.36636108e+002 2.75419403e+002 3.86140076e+002 2.75184540e+002
    8.82894745e+001 3.23387695e+002 1.36597488e+002 3.23240387e+002
    1.85327652e+002 3.23060089e+002 2.37730667e+002 3.22822357e+002
    2.86719849e+002 3.22841034e+002 3.36404846e+002 3.22661652e+002
    3.86135498e+002 3.22522552e+002 8.55405731e+001 3.70559113e+002
    1.34298264e+002 3.70571411e+002 1.83477097e+002 3.70649200e+002
    2.36359222e+002 3.70637054e+002 2.85694580e+002 3.70650146e+002
    3.35871765e+002 3.70565765e+002 3.86301697e+002 3.70649414e+002
    8.54935989e+001 1.28450531e+002 1.32550873e+002 1.28474747e+002
    1.79539886e+002 1.28215714e+002 2.29836182e+002 1.28226334e+002
    2.76548920e+002 1.28246048e+002 3.23725922e+002 1.28248978e+002
    3.70767822e+002 1.28230591e+002 8.37398071e+001 1.69670181e+002
    1.31195862e+002 1.69565552e+002 1.78823685e+002 1.69539902e+002
    2.29677414e+002 1.69555557e+002 2.77092285e+002 1.69560287e+002
    3.24664795e+002 1.69500656e+002 3.72409058e+002 1.69589783e+002
    8.15908737e+001 2.11972183e+002 1.29941040e+002 2.11922684e+002
    1.77960175e+002 2.11872452e+002 2.29620407e+002 2.11916000e+002
    2.77420929e+002 2.11854980e+002 3.25844391e+002 2.11781876e+002
    3.74019592e+002 2.11851364e+002 7.96205597e+001 2.58284088e+002
    1.28511673e+002 2.58278381e+002 1.77219925e+002 2.58278198e+002
    2.29540848e+002 2.58273376e+002 2.78032227e+002 2.58339233e+002
    3.26878143e+002 2.58274292e+002 3.75871613e+002 2.58363770e+002
    7.76173172e+001 3.02606995e+002 1.27127228e+002 3.02592163e+002
    1.76431839e+002 3.02597595e+002 2.29312805e+002 3.02655334e+002
    2.78479736e+002 3.02565979e+002 3.28011688e+002 3.02627350e+002
    3.77518616e+002 3.02707672e+002 7.57052765e+001 3.48356506e+002
    1.25687599e+002 3.48420410e+002 1.75735062e+002 3.48408936e+002
    2.29346329e+002 3.48468048e+002 2.78996338e+002 3.48523163e+002
    3.29274231e+002 3.48610382e+002 3.79343414e+002 3.48520447e+002
    7.36709061e+001 3.95136444e+002 1.24260765e+002 3.95247498e+002
    1.74997391e+002 3.95298126e+002 2.29214584e+002 3.95374054e+002
    2.79566162e+002 3.95374176e+002 3.30325134e+002 3.95346924e+002
    3.81114044e+002 3.95475525e+002 8.51225739e+001 8.75993347e+001
    1.32481750e+002 8.84738922e+001 1.79783005e+002 8.90574493e+001
    2.30473923e+002 8.99883270e+001 2.77557404e+002 9.07778473e+001
