<?xml version="1.0"?>
<opencv_storage>
<Camera_Matrix type_id="opencv-matrix">
  <rows>3</rows>
  <cols>3</cols>
  <dt>d</dt>
  <data>
    1.9287391722515588e+003 0. 2.5550000000000000e+002 0.
    1.9287391722515588e+003 2.5550000000000000e+002 0. 0. 1.</data></Camera_Matrix>
<Distortion_Coefficients type_id="opencv-matrix">
  <rows>5</rows>
  <cols>1</cols>
  <dt>d</dt>
  <data>
    -4.3771689284544273e+000 3.5387387325319486e+002 0. 0.
    -1.0229831844444014e+004</data></Distortion_Coefficients>
<rvec type_id="opencv-matrix">
  <rows>3</rows>
  <cols>1</cols>
  <dt>d</dt>
  <data>
    -3.5374704861235445e-001 4.5497577675134016e-002
    2.4363688110020915e-001</data></rvec>
<tvec type_id="opencv-matrix">
  <rows>3</rows>
  <cols>1</cols>
  <dt>d</dt>
  <data>
    -6.7989339958061878e-001 -5.5464603045939975e-001
    1.8423156287566073e+002</data></tvec>
<Rotation_Matrix type_id="opencv-matrix">
  <rows>3</rows>
  <cols>3</cols>
  <dt>d</dt>
  <data>
    9.6976008348474974e-001 -2.4405449234355511e-001
    1.6689058034906612e-003 2.2820853344044625e-001
    9.0917735225621776e-001 3.4830648487981680e-001
    -8.6523093706894524e-002 -3.3739286730946599e-001
    9.3737922280370878e-001</data></Rotation_Matrix>
</opencv_storage>
