<?xml version="1.0"?>
<opencv_storage>
<calibration_Time>"08/26/14 13:47:49"</calibration_Time>
<nrOfFrames>8</nrOfFrames>
<image_Width>512</image_Width>
<image_Height>512</image_Height>
<board_Width>7</board_Width>
<board_Height>7</board_Height>
<square_Size>5.</square_Size>
<FixAspectRatio>1.</FixAspectRatio>
<!-- flags:  +fix_aspectRatio +fix_principal_point +zero_tangent_dist -->
<flagValue>14</flagValue>
<Camera_Matrix type_id="opencv-matrix">
  <rows>3</rows>
  <cols>3</cols>
  <dt>d</dt>
  <data>
    1.9287391722515588e+003 0. 2.5550000000000000e+002 0.
    1.9287391722515588e+003 2.5550000000000000e+002 0. 0. 1.</data></Camera_Matrix>
<Distortion_Coefficients type_id="opencv-matrix">
  <rows>5</rows>
  <cols>1</cols>
  <dt>d</dt>
  <data>
    -4.3771689284544273e+000 3.5387387325319486e+002 0. 0.
    -1.0229831844444014e+004</data></Distortion_Coefficients>
<Avg_Reprojection_Error>1.1078074712478871e+000</Avg_Reprojection_Error>
<Per_View_Reprojection_Errors type_id="opencv-matrix">
  <rows>8</rows>
  <cols>1</cols>
  <dt>f</dt>
  <data>
    1.04435098e+000 1.12698114e+000 1.14640796e+000 1.06521511e+000
    1.16604471e+000 1.06335211e+000 1.15500009e+000 1.08802843e+000</data></Per_View_Reprojection_Errors>
<!-- a set of 6-tuples (rotation vector + translation vector) for each view -->
<Extrinsic_Parameters type_id="opencv-matrix">
  <rows>8</rows>
  <cols>6</cols>
  <dt>d</dt>
  <data>
    -3.5516451644562969e-001 4.5020221214354887e-002
    2.4242927382065338e-001 -1.1594657939401303e+001
    -1.7605054079555753e+001 1.9042825106901446e+002
    -2.8088679725296473e-001 -9.0760894398976083e-002
    3.5850714059349437e-001 -7.9567883404809834e+000
    -1.9538491070433853e+001 1.8074472001720042e+002
    -1.4236042582314548e-001 1.0980797474839778e-001
    3.6854406127313405e-001 -8.9961956222629791e+000
    -1.8892934659728947e+001 1.8056170338414154e+002
    -3.4925361447775438e-001 8.9751025124203479e-002
    5.1222894005914887e-001 -5.9791844109991139e+000
    -2.0616946641329228e+001 1.9157865359675881e+002
    -4.5487276607762317e-001 1.9281875566897383e-001
    2.8158007598402035e-001 -8.4898834625891926e+000
    -1.8188390185873939e+001 1.8645936999538387e+002
    -4.8503546767577221e-001 -8.1745894812381092e-002
    8.7282543188905770e-002 -1.4148368477315525e+001
    -1.7267614322901661e+001 1.8319979033207366e+002
    -1.4560777988649129e-001 1.4194918042123477e-002
    1.8398813807339084e-002 -1.5523292436836586e+001
    -1.7872412266042662e+001 1.8072485347593525e+002
    -5.6667598668000163e-001 3.6759995208104153e-003
    1.2086958605200371e-002 -1.4774397893459641e+001
    -1.8956697375796416e+001 1.8707823308321841e+002</data></Extrinsic_Parameters>
<Image_points type_id="opencv-matrix">
  <rows>8</rows>
  <cols>49</cols>
  <dt>"2f"</dt>
  <data>
    1.40756317e+002 8.07536469e+001 1.88196136e+002 9.13826065e+001
    2.35825760e+002 1.02177994e+002 2.83558990e+002 1.12869919e+002
    3.34880768e+002 1.24579918e+002 3.83207916e+002 1.35676620e+002
    4.31608704e+002 1.46743393e+002 1.27727295e+002 1.23845245e+002
    1.75515076e+002 1.34968506e+002 2.23753937e+002 1.45755386e+002
    2.71716766e+002 1.56912003e+002 3.23598938e+002 1.68745087e+002
    3.72323639e+002 1.80027557e+002 4.21247253e+002 1.91393860e+002
    1.14486626e+002 1.68190323e+002 1.62568970e+002 1.79316742e+002
    2.11287964e+002 1.90502060e+002 2.59635864e+002 2.01653244e+002
    3.12092499e+002 2.13850861e+002 3.61223663e+002 2.25300018e+002
    4.10709747e+002 2.36873932e+002 9.97226105e+001 2.16465393e+002
    1.48559860e+002 2.27798874e+002 1.97574844e+002 2.39157700e+002
    2.46504562e+002 2.50642166e+002 2.99357635e+002 2.63041290e+002
    3.49054169e+002 2.74699860e+002 3.98997620e+002 2.86415802e+002
    8.62302094e+001 2.61934937e+002 1.35179413e+002 2.73608459e+002
    1.84733002e+002 2.85374878e+002 2.34094330e+002 2.97011780e+002
    2.87463257e+002 3.09565002e+002 3.37459229e+002 3.21521637e+002
    3.87915771e+002 3.33453247e+002 7.20449600e+001 3.08768707e+002
    1.21464409e+002 3.20875488e+002 1.71440552e+002 3.32592377e+002
    2.21274673e+002 3.44652649e+002 2.75199188e+002 3.57507751e+002
    3.25632538e+002 3.69605377e+002 3.76467957e+002 3.81681824e+002
    5.76072655e+001 3.56677124e+002 1.07477280e+002 3.68757416e+002
    1.57907410e+002 3.81162750e+002 2.08256821e+002 3.93210114e+002
    2.62520782e+002 4.06413452e+002 3.13510803e+002 4.18683350e+002
    3.64819641e+002 4.31136169e+002 1.72727982e+002 5.11690521e+001
    2.20964966e+002 6.96941223e+001 2.69221588e+002 8.84595413e+001
    3.17081238e+002 1.06997635e+002 3.68225220e+002 1.26907768e+002
    4.15778046e+002 1.45585632e+002 4.63432709e+002 1.64223312e+002
    1.54661331e+002 9.60186081e+001 2.03353180e+002 1.14974915e+002
    2.52196320e+002 1.33681839e+002 3.00306183e+002 1.52475571e+002
    3.51897034e+002 1.72444626e+002 4.00059509e+002 1.91137772e+002
    4.47868347e+002 2.09816162e+002 1.36317917e+002 1.42045959e+002
    1.85433075e+002 1.60803268e+002 2.34677032e+002 1.79894714e+002
    2.83181549e+002 1.98532211e+002 3.35365692e+002 2.18788101e+002
    3.83842865e+002 2.37599503e+002 4.32304688e+002 2.56389648e+002
    1.16316765e+002 1.91916534e+002 1.65813324e+002 2.11069580e+002
    2.15516541e+002 2.29964844e+002 2.64586639e+002 2.48894150e+002
    3.17183655e+002 2.69234161e+002 3.66316589e+002 2.88111847e+002
    4.15255585e+002 3.06912689e+002 9.74216385e+001 2.39067764e+002
    1.47425583e+002 2.58355255e+002 1.97507965e+002 2.77506653e+002
    2.46930054e+002 2.96382782e+002 3.00305206e+002 3.16748383e+002
    3.49627075e+002 3.35804291e+002 3.99061493e+002 3.54716949e+002
    7.81143570e+001 2.87427795e+002 1.28461563e+002 3.06916931e+002
    1.79057159e+002 3.26060211e+002 2.29099289e+002 3.45210297e+002
    2.82751678e+002 3.65640564e+002 3.32557373e+002 3.84666504e+002
    3.82355225e+002 4.03613037e+002 5.82049103e+001 3.36814362e+002
    1.09262306e+002 3.56143707e+002 1.60237457e+002 3.75566895e+002
    2.10759476e+002 3.94871552e+002 2.64735138e+002 4.15219604e+002
    3.15148071e+002 4.34420746e+002 3.65371704e+002 4.53547729e+002
    1.61433685e+002 5.79482040e+001 2.09228256e+002 7.52634583e+001
    2.57492615e+002 9.27830276e+001 3.05945465e+002 1.10423065e+002
    3.58407715e+002 1.29490891e+002 4.07606201e+002 1.47615921e+002
    4.57311401e+002 1.65840775e+002 1.42123657e+002 1.05043991e+002
    1.90074844e+002 1.22703064e+002 2.38586868e+002 1.40391220e+002
    2.86820282e+002 1.58404388e+002 3.39320801e+002 1.77803833e+002
    3.88851227e+002 1.96159637e+002 4.38610962e+002 2.14480667e+002
    1.22746796e+002 1.52539886e+002 1.70630829e+002 1.70455750e+002
    2.19271347e+002 1.88550278e+002 2.67760193e+002 2.06560822e+002
    3.20331696e+002 2.26331726e+002 3.69774628e+002 2.45015091e+002
    4.19778290e+002 2.63693359e+002 1.01764313e+002 2.03718292e+002
    1.49876953e+002 2.21967529e+002 1.98479233e+002 2.40286438e+002
    2.47083160e+002 2.58751770e+002 2.99738495e+002 2.78683838e+002
    3.49426361e+002 2.97554413e+002 3.99397095e+002 3.16478088e+002
    8.23223190e+001 2.51442566e+002 1.30309265e+002 2.69972534e+002
    1.79169540e+002 2.88707520e+002 2.27754120e+002 3.07365265e+002
    2.80585327e+002 3.27540802e+002 3.30411865e+002 3.46648102e+002
    3.80417480e+002 3.65898529e+002 6.25438232e+001 3.00057312e+002
    1.10545761e+002 3.18949402e+002 1.59474136e+002 3.37625916e+002
    2.08225052e+002 3.56699463e+002 2.61217316e+002 3.77220367e+002
    3.10887665e+002 3.96585175e+002 3.61139160e+002 4.16044830e+002
    4.25942192e+001 3.48920074e+002 9.09218750e+001 3.67892731e+002
    1.39709137e+002 3.87118347e+002 1.88624756e+002 4.06358307e+002
    2.41476807e+002 4.27131775e+002 2.91301361e+002 4.46610809e+002
    3.41565216e+002 4.66396454e+002 1.96782120e+002 5.22886581e+001
    2.39119873e+002 7.37911224e+001 2.81835083e+002 9.59000320e+001
    3.24745209e+002 1.17945320e+002 3.71267426e+002 1.41947571e+002
