<?xml version="1.0"?>
<opencv_storage>
<Camera_Matrix type_id="opencv-matrix">
  <rows>3</rows>
  <cols>3</cols>
  <dt>d</dt>
  <data>
    1.7675886259151400e+003 0. 2.5550000000000000e+002 0.
    1.7675886259151400e+003 2.5550000000000000e+002 0. 0. 1.</data></Camera_Matrix>
<Distortion_Coefficients type_id="opencv-matrix">
  <rows>5</rows>
  <cols>1</cols>
  <dt>d</dt>
  <data>
    1.0057205505216594e-002 -3.0855445716507461e+001 0. 0.
    1.5111480080331717e+003</data></Distortion_Coefficients>
<rvec type_id="opencv-matrix">
  <rows>3</rows>
  <cols>1</cols>
  <dt>d</dt>
  <data>
    -6.3206175746658744e-001 -1.1586228904520634e-002
    -1.3326931853996535e-002</data></rvec>
<tvec type_id="opencv-matrix">
  <rows>3</rows>
  <cols>1</cols>
  <dt>d</dt>
  <data>
    3.0302036312024938e-001 -5.3580784706027194e+000
    1.4335070833647876e+002</data></tvec>
<Rotation_Matrix type_id="opencv-matrix">
  <rows>3</rows>
  <cols>3</cols>
  <dt>d</dt>
  <data>
    9.9984920239622965e-001 1.5997691368540810e-002
    -6.7562074050763745e-003 -8.9152440550543215e-003
    8.0673028836151128e-001 5.9085257066682184e-001
    1.4902714217964207e-002 -5.9070323827708082e-001
    8.0675125869000530e-001</data></Rotation_Matrix>
</opencv_storage>
