<?xml version="1.0"?>
<opencv_storage>
<camera_matrix type_id="opencv-matrix">
  <rows>3</rows>
  <cols>3</cols>
  <dt>d</dt>
  <data>
    1.7513621276645583e+003 0. 2.5550000000000000e+002 0.
    1.7513621276645583e+003 2.5550000000000000e+002 0. 0. 1.</data></camera_matrix>
<distortion_coefficients type_id="opencv-matrix">
  <rows>5</rows>
  <cols>1</cols>
  <dt>d</dt>
  <data>
    -3.9618876233167299e-001 6.2540932460842544e+000 0. 0.
    1.5322931801703083e+002</data></distortion_coefficients>
<rvec type_id="opencv-matrix">
  <rows>3</rows>
  <cols>1</cols>
  <dt>d</dt>
  <data>
    -8.4647774766292994e-001 -3.2444143221449551e-001
    -5.9990826529847563e-001</data></rvec>
<tvec type_id="opencv-matrix">
  <rows>3</rows>
  <cols>1</cols>
  <dt>d</dt>
  <data>
    1.2795806072703225e-002 8.9071926228576603e-001
    1.6434948016227224e+002</data></tvec>
<rotation_matrix type_id="opencv-matrix">
  <rows>3</rows>
  <cols>3</cols>
  <dt>d</dt>
  <data>
    7.8944307158383364e-001 6.1286197808452203e-001
    -3.4348690609817739e-002 -3.6423037119038870e-001
    5.1274755566808250e-001 7.7744850688577338e-001
    4.9408083693945648e-001 -6.0124050094345238e-001
    6.2800795105991503e-001</data></rotation_matrix>
</opencv_storage>
