<?xml version="1.0"?>
<opencv_storage>
<camera_matrix type_id="opencv-matrix">
  <rows>3</rows>
  <cols>3</cols>
  <dt>d</dt>
  <data>
    1.7306482333467202e+003 0. 2.5550000000000000e+002 0.
    1.7306482333467202e+003 2.5550000000000000e+002 0. 0. 1.</data></camera_matrix>
<distortion_coefficients type_id="opencv-matrix">
  <rows>5</rows>
  <cols>1</cols>
  <dt>d</dt>
  <data>
    4.4483838444438456e-001 -6.1081736500472651e+001 0. 0.
    2.0795716869001003e+003</data></distortion_coefficients>
<rvec type_id="opencv-matrix">
  <rows>3</rows>
  <cols>1</cols>
  <dt>d</dt>
  <data>
    -6.5889892764358127e-001 -7.9439492467616668e-002
    -2.1766858778469339e-001</data></rvec>
<tvec type_id="opencv-matrix">
  <rows>3</rows>
  <cols>1</cols>
  <dt>d</dt>
  <data>
    7.0847606397050311e-001 -5.7480169265408021e+000
    1.4729334430039094e+002</data></tvec>
<rotation_matrix type_id="opencv-matrix">
  <rows>3</rows>
  <cols>3</cols>
  <dt>d</dt>
  <data>
    9.7422862304382241e-001 2.2552195823038776e-001
    -4.2937626936120077e-003 -1.7527295189319150e-001
    7.6886631931567007e-001 6.1491786065833309e-001
    1.4197880960476036e-001 -5.9831800021218273e-001
    7.8857947490745028e-001</data></rotation_matrix>
</opencv_storage>
