<?xml version="1.0"?>
<opencv_storage>
<camera_matrix type_id="opencv-matrix">
  <rows>3</rows>
  <cols>3</cols>
  <dt>d</dt>
  <data>
    1.7461262754399368e+003 0. 1.6572907891821640e+002 0.
    1.7461159859250354e+003 2.5486274955730806e+002 0. 0. 1.</data></camera_matrix>
<distortion_coefficients type_id="opencv-matrix">
  <rows>5</rows>
  <cols>1</cols>
  <dt>d</dt>
  <data>
    -5.5165524218731096e-002 -3.2455898835876664e+000
    -3.9049492958955802e-003 -9.3251577214513125e-003
    6.3264117333916872e+001</data></distortion_coefficients>
<rvec type_id="opencv-matrix">
  <rows>3</rows>
  <cols>1</cols>
  <dt>d</dt>
  <data>
    -6.3448520815776777e-001 3.6850281311497424e-002
    3.8970788353238804e-003</data></rvec>
<tvec type_id="opencv-matrix">
  <rows>3</rows>
  <cols>1</cols>
  <dt>d</dt>
  <data>
    7.5814954432051005e+000 -5.2967147245557822e+000
    1.4134005404416061e+002</data></tvec>
<rotation_matrix type_id="opencv-matrix">
  <rows>3</rows>
  <cols>3</cols>
  <dt>d</dt>
  <data>
    9.9933623701208441e-001 -1.4942174315848518e-002
    3.3223738820937279e-002 -7.6622544821790557e-003
    8.0539203139073989e-001 5.9269297754279826e-001
    -3.5614256285613835e-002 -5.9255413862280326e-001
    8.0474295122741535e-001</data></rotation_matrix>
</opencv_storage>
