<?xml version="1.0"?>
<opencv_storage>
<camera_matrix type_id="opencv-matrix">
  <rows>3</rows>
  <cols>3</cols>
  <dt>d</dt>
  <data>
    1.7675738863660815e+003 0. 2.5550000000000000e+002 0.
    1.7675738863660815e+003 2.5550000000000000e+002 0. 0. 1.</data></camera_matrix>
<distortion_coefficients type_id="opencv-matrix">
  <rows>5</rows>
  <cols>1</cols>
  <dt>d</dt>
  <data>
    1.8671909806912471e-002 -3.2477063138843626e+001 0. 0.
    1.5968618110172113e+003</data></distortion_coefficients>
<rvec type_id="opencv-matrix">
  <rows>3</rows>
  <cols>1</cols>
  <dt>d</dt>
  <data>
    -6.3206108916739456e-001 -1.1586427070913388e-002
    -1.3327003309817575e-002</data></rvec>
<tvec type_id="opencv-matrix">
  <rows>3</rows>
  <cols>1</cols>
  <dt>d</dt>
  <data>
    3.0301841955188025e-001 -5.3580793603247008e+000
    1.4335119105190159e+002</data></tvec>
<rotation_matrix type_id="opencv-matrix">
  <rows>3</rows>
  <cols>3</cols>
  <dt>d</dt>
  <data>
    9.9984919924410820e-001 1.5997817018256651e-002
    -6.7563763635628531e-003 -8.9152555598347207e-003
    8.0673068236668466e-001 5.9085203253139984e-001
    1.4902918815405558e-002 -5.9070269677633436e-001
    8.0675165139709981e-001</data></rotation_matrix>
</opencv_storage>
