<?xml version="1.0"?>
<opencv_storage>
<calibration_time>"12/06/14 21:31:44"</calibration_time>
<nrOfFrames>8</nrOfFrames>
<image_width>512</image_width>
<image_height>512</image_height>
<board_width>9</board_width>
<board_height>7</board_height>
<square_size>2.5000000000000000e+000</square_size>
<FixAspectRatio>1.</FixAspectRatio>
<flagValue>14</flagValue>
<camera_matrix type_id="opencv-matrix">
  <rows>3</rows>
  <cols>3</cols>
  <dt>d</dt>
  <data>
    1.7675738863660815e+003 0. 2.5550000000000000e+002 0.
    1.7675738863660815e+003 2.5550000000000000e+002 0. 0. 1.</data></camera_matrix>
<distortion_coefficients type_id="opencv-matrix">
  <rows>5</rows>
  <cols>1</cols>
  <dt>d</dt>
  <data>
    1.8671909806912471e-002 -3.2477063138843626e+001 0. 0.
    1.5968618110172113e+003</data></distortion_coefficients>
<avg_reprojection_error>1.4604310480264240e-001</avg_reprojection_error>
<per_view_reprojection_errors type_id="opencv-matrix">
  <rows>8</rows>
  <cols>1</cols>
  <dt>f</dt>
  <data>
    1.41667813e-001 1.32179663e-001 1.42283693e-001 1.46232560e-001
    1.53681487e-001 1.34196460e-001 1.58781528e-001 1.56909540e-001</data></per_view_reprojection_errors>
<extrinsic_parameters type_id="opencv-matrix">
  <rows>8</rows>
  <cols>6</cols>
  <dt>d</dt>
  <data>
    -5.2637215694153594e-001 -1.2218506792325658e-001
    -3.0198952136540608e-001 -1.4161742324640180e+001
    -6.6537906558726432e+000 1.3938460440259070e+002
    -5.2822544016970607e-001 8.6368492748591291e-002
    2.3728850476421032e-001 -9.9100378552992421e+000
    -9.5197796620309134e+000 1.4171509618729769e+002
    -6.4692399226383446e-001 1.8363135007977366e-001
    2.2148349336349946e-001 -1.0685972858090416e+001
    -8.2368328941211733e+000 1.4288830956935848e+002
    -6.5325962597717890e-001 -2.0744788624705235e-001
    -2.6470267012973109e-001 -1.1670297051956853e+001
    -7.2364640620860179e+000 1.3932673993458820e+002
    -7.5673826663642541e-001 8.3516217034739441e-003
    4.9681948998973449e-002 -8.8819172183945518e+000
    -8.5488401675317718e+000 1.4255032365710116e+002
    -5.5127653774023144e-001 -5.3051639464771864e-002
    -1.2753280549467963e-001 -1.0402273574102088e+001
    -7.0961098008982155e+000 1.4078577997615531e+002
    -6.3513067536612666e-001 1.1308235218243924e-001
    5.5231132298669159e-003 -1.1129835220652970e+001
    -8.9903309730871506e+000 1.4340231821408722e+002
    -6.3751782808103119e-001 -1.3205192023537740e-001
    -7.4481483858933458e-003 -1.1971165630409052e+001
    -1.0166811745828165e+001 1.4120888104062820e+002</data></extrinsic_parameters>
<image_points type_id="opencv-matrix">
  <rows>8</rows>
  <cols>63</cols>
  <dt>"2f"</dt>
  <data>
    7.62504349e+001 1.71325592e+002 1.06827286e+002 1.63767136e+002
    1.36986618e+002 1.55970093e+002 1.67243988e+002 1.48254425e+002
    1.96732407e+002 1.40890762e+002 2.26792847e+002 1.33257294e+002
    2.56303162e+002 1.25790306e+002 2.85700836e+002 1.18621887e+002
    3.14694763e+002 1.11111794e+002 8.46184845e+001 1.96690933e+002
    1.15403091e+002 1.89034775e+002 1.45875732e+002 1.81210770e+002
    1.76194382e+002 1.73400574e+002 2.06499512e+002 1.65695099e+002
    2.36287430e+002 1.58171661e+002 2.66487701e+002 1.50588211e+002
    2.95627563e+002 1.43107819e+002 3.24975067e+002 1.35468369e+002
    9.30498886e+001 2.22662216e+002 1.24289536e+002 2.14787964e+002
    1.55054031e+002 2.06869217e+002 1.85604935e+002 1.98924164e+002
    2.15853073e+002 1.90947739e+002 2.46298904e+002 1.83404984e+002
    2.76114410e+002 1.75605209e+002 3.05933258e+002 1.67861038e+002
    3.35440186e+002 1.60179260e+002 1.02147057e+002 2.49140442e+002
    1.33120316e+002 2.40825378e+002 1.64390686e+002 2.33094849e+002
    1.95155609e+002 2.24782349e+002 2.25774963e+002 2.16743484e+002
    2.56107117e+002 2.09003311e+002 2.86425903e+002 2.01172043e+002
    3.16567841e+002 1.93373016e+002 3.46240112e+002 1.85626999e+002
    1.11018890e+002 2.75880341e+002 1.42567581e+002 2.67645721e+002
    1.73780487e+002 2.59425140e+002 2.04674133e+002 2.51313385e+002
    2.35639435e+002 2.43148727e+002 2.66366272e+002 2.35095871e+002
    2.96733795e+002 2.27006882e+002 3.27050232e+002 2.19130630e+002
    3.57118622e+002 2.11177460e+002 1.20095039e+002 3.03339020e+002
    1.51706100e+002 2.94759827e+002 1.83352142e+002 2.86564972e+002
    2.14500443e+002 2.78267975e+002 2.45793228e+002 2.69806244e+002
    2.76672333e+002 2.61563599e+002 3.07355469e+002 2.53452927e+002
    3.37735260e+002 2.45310226e+002 3.68101990e+002 2.37290863e+002
    1.29163132e+002 3.31140961e+002 1.61307098e+002 3.22397583e+002
    1.92991684e+002 3.14010498e+002 2.24685959e+002 3.05531311e+002
    2.55826385e+002 2.96950775e+002 2.87045868e+002 2.88573669e+002
    3.18047546e+002 2.80317780e+002 3.48666229e+002 2.72004883e+002
    3.79168579e+002 2.63770599e+002 1.31895950e+002 1.36893906e+002
    1.61969147e+002 1.43046631e+002 1.91926971e+002 1.48880554e+002
    2.22359955e+002 1.54979340e+002 2.52519073e+002 1.60852264e+002
    2.83305145e+002 1.67266205e+002 3.14089844e+002 1.73251328e+002
    3.44996887e+002 1.79451721e+002 3.76098053e+002 1.85574371e+002
    1.23282219e+002 1.62242828e+002 1.53400909e+002 1.68230026e+002
    1.83729919e+002 1.74486069e+002 2.14243134e+002 1.80573593e+002
    2.44744675e+002 1.86783707e+002 2.75679260e+002 1.92944443e+002
    3.06739594e+002 1.99199677e+002 3.37837463e+002 2.05549606e+002
    3.69093109e+002 2.11840500e+002 1.14232750e+002 1.87872696e+002
    1.44668640e+002 1.94283600e+002 1.75207718e+002 2.00155121e+002
    2.05988388e+002 2.06674179e+002 2.36885605e+002 2.12794800e+002
    2.67876556e+002 2.19398621e+002 2.99159760e+002 2.25733261e+002
    3.30808228e+002 2.32183807e+002 3.62269897e+002 2.38604172e+002
    1.05329025e+002 2.13891785e+002 1.35691132e+002 2.20326569e+002
    1.66548904e+002 2.27033905e+002 1.97684814e+002 2.33167923e+002
    2.28855362e+002 2.39573349e+002 2.60196472e+002 2.46162842e+002
    2.91604126e+002 2.52629807e+002 3.23320099e+002 2.59409576e+002
    3.55107269e+002 2.65985229e+002 9.59471512e+001 2.40599976e+002
    1.26824409e+002 2.47254578e+002 1.57871201e+002 2.53610275e+002
    1.89008453e+002 2.60226349e+002 2.20507599e+002 2.66878967e+002
    2.52129715e+002 2.73648804e+002 2.83919708e+002 2.80175293e+002
    3.15652924e+002 2.87049500e+002 3.47989197e+002 2.93663940e+002
    8.65801468e+001 2.67830566e+002 1.17520126e+002 2.74364746e+002
    1.48832092e+002 2.81098572e+002 1.80268387e+002 2.87884308e+002
    2.12093384e+002 2.94498230e+002 2.43900726e+002 3.01303955e+002
    2.76006622e+002 3.08184875e+002 3.08294495e+002 3.14934265e+002
    3.40671143e+002 3.21893677e+002 7.68500290e+001 2.95203949e+002
    1.08266907e+002 3.02024780e+002 1.39632629e+002 3.08775269e+002
    1.71440506e+002 3.15886749e+002 2.03492966e+002 3.22547516e+002
    2.35543350e+002 3.29547577e+002 2.68058105e+002 3.36517517e+002
    3.00484131e+002 3.43500000e+002 3.33206635e+002 3.50459503e+002
    1.23296150e+002 1.53670654e+002 1.52633530e+002 1.57936462e+002
    1.82026215e+002 1.61981720e+002 2.11885071e+002 1.65992630e+002
    2.41569366e+002 1.70390808e+002 2.72136780e+002 1.74472610e+002
    3.02795837e+002 1.78840622e+002 3.33344696e+002 1.83131836e+002
    3.64526855e+002 1.87495697e+002 1.14122383e+002 1.77093430e+002
    1.43476517e+002 1.81256821e+002 1.73160934e+002 1.85486588e+002
    2.03130157e+002 1.89609970e+002 2.33466034e+002 1.94101349e+002
    2.64061707e+002 1.98470825e+002 2.94801270e+002 2.03075119e+002
    3.25873291e+002 2.07442490e+002 3.57214630e+002 2.11758087e+002
    1.04428833e+002 2.00434998e+002 1.34115341e+002 2.05051971e+002
    1.64008179e+002 2.09255890e+002 1.94351471e+002 2.13909256e+002
    2.24691223e+002 2.18351715e+002 2.55650452e+002 2.23010651e+002
    2.86690521e+002 2.27398804e+002 3.18285400e+002 2.32102341e+002
    3.49952332e+002 2.36685364e+002 9.46007385e+001 2.24669098e+002
    1.24605782e+002 2.29111740e+002 1.54706924e+002 2.34152481e+002
