<?xml version="1.0"?>
<opencv_storage>
<calibration_time>"12/06/14 18:45:31"</calibration_time>
<image_width>512</image_width>
<image_height>512</image_height>
<board_width>9</board_width>
<board_height>7</board_height>
<square_size>2.5000000000000000e+000</square_size>
<flags>0</flags>
<camera_matrix type_id="opencv-matrix">
  <rows>3</rows>
  <cols>3</cols>
  <dt>d</dt>
  <data>
    1.7461262754399368e+003 0. 1.6572907891821640e+002 0.
    1.7461159859250354e+003 2.5486274955730806e+002 0. 0. 1.</data></camera_matrix>
<distortion_coefficients type_id="opencv-matrix">
  <rows>5</rows>
  <cols>1</cols>
  <dt>d</dt>
  <data>
    -5.5165524218731096e-002 -3.2455898835876664e+000
    -3.9049492958955802e-003 -9.3251577214513125e-003
    6.3264117333916872e+001</data></distortion_coefficients>
<avg_reprojection_error>1.3170908958793148e-001</avg_reprojection_error>
</opencv_storage>
